1.000000 
(0.100000 
(0.500000 
(0.100000 
(0.100000 
0.475438 794.234813 0.005672 

2.000000 
(0.100000 
(0.500000 
(0.100000 
(0.300000 
0.438216 715.946507 0.009407 

3.000000 
(0.100000 
(0.500000 
(0.100000 
(0.500000 
0.445407 746.668393 0.016998 

4.000000 
(0.100000 
(0.500000 
(0.300000 
(0.100000 
0.426048 807.537301 0.009755 

5.000000 
(0.100000 
(0.500000 
(0.300000 
(0.300000 
0.431888 823.991384 0.004438 

6.000000 
(0.100000 
(0.500000 
(0.300000 
(0.500000 
0.468256 726.403186 0.013079 

7.000000 
(0.100000 
(0.500000 
(0.500000 
(0.100000 
0.429121 820.902661 0.010519 

8.000000 
(0.100000 
(0.500000 
(0.500000 
(0.300000 
0.846231 735.702112 0.008541 

9.000000 
(0.100000 
(0.500000 
(0.500000 
(0.500000 
0.423437 836.491510 0.013685 

10.000000 
(0.100000 
(0.600000 
(0.100000 
(0.100000 
0.425646 866.720111 0.006121 

11.000000 
(0.100000 
(0.600000 
(0.100000 
(0.300000 
0.434018 859.832339 0.013246 

12.000000 
(0.100000 
(0.600000 
(0.100000 
(0.500000 
0.437857 842.466630 0.014724 

13.000000 
(0.100000 
(0.600000 
(0.300000 
(0.100000 
0.468032 774.172510 0.007317 

14.000000 
(0.100000 
(0.600000 
(0.300000 
(0.300000 
0.475918 849.134207 0.022124 

15.000000 
(0.100000 
(0.600000 
(0.300000 
(0.500000 
0.474090 833.996762 0.023484 

16.000000 
(0.100000 
(0.600000 
(0.500000 
(0.100000 
0.885237 721.526600 0.006955 

17.000000 
(0.100000 
(0.600000 
(0.500000 
(0.300000 
0.422407 850.289453 0.009044 

18.000000 
(0.100000 
(0.600000 
(0.500000 
(0.500000 
0.433198 867.134370 0.014143 

19.000000 
(0.100000 
(0.700000 
(0.100000 
(0.100000 
0.445633 824.832089 0.017139 

20.000000 
(0.100000 
(0.700000 
(0.100000 
(0.300000 
0.470523 822.956851 0.003550 

21.000000 
(0.100000 
(0.700000 
(0.100000 
(0.500000 
0.452127 727.690602 0.020200 

22.000000 
(0.100000 
(0.700000 
(0.300000 
(0.100000 
0.477428 715.082235 0.007577 

23.000000 
(0.100000 
(0.700000 
(0.300000 
(0.300000 
0.476735 728.962470 0.031708 

24.000000 
(0.100000 
(0.700000 
(0.300000 
(0.500000 
0.881139 722.051672 0.016909 

25.000000 
(0.100000 
(0.700000 
(0.500000 
(0.100000 
0.457221 716.939001 0.022354 

26.000000 
(0.100000 
(0.700000 
(0.500000 
(0.300000 
0.491420 858.557990 0.025471 

27.000000 
(0.100000 
(0.700000 
(0.500000 
(0.500000 
0.423048 855.774459 0.025340 

28.000000 
(0.100000 
(0.800000 
(0.100000 
(0.100000 
0.451860 793.153033 0.017799 

29.000000 
(0.100000 
(0.800000 
(0.100000 
(0.300000 
0.434209 809.063723 0.009842 

30.000000 
(0.100000 
(0.800000 
(0.100000 
(0.500000 
0.436255 777.351554 0.027255 

31.000000 
(0.100000 
(0.800000 
(0.300000 
(0.100000 
0.436101 754.919764 0.011145 

32.000000 
(0.100000 
(0.800000 
(0.300000 
(0.300000 
0.903802 818.077566 0.012986 

33.000000 
(0.100000 
(0.800000 
(0.300000 
(0.500000 
0.472715 855.174806 0.007218 

34.000000 
(0.100000 
(0.800000 
(0.500000 
(0.100000 
0.442313 867.911194 0.018249 

35.000000 
(0.100000 
(0.800000 
(0.500000 
(0.300000 
0.426658 829.161608 0.021001 

36.000000 
(0.100000 
(0.800000 
(0.500000 
(0.500000 
0.463462 850.323205 0.014661 

37.000000 
(0.100000 
(0.900000 
(0.100000 
(0.100000 
0.452852 803.050221 0.011695 

38.000000 
(0.100000 
(0.900000 
(0.100000 
(0.300000 
0.436755 824.824501 0.031567 

39.000000 
(0.100000 
(0.900000 
(0.100000 
(0.500000 
0.410923 857.709486 0.066284 

40.000000 
(0.100000 
(0.900000 
(0.300000 
(0.100000 
0.861422 827.792413 0.062304 

41.000000 
(0.100000 
(0.900000 
(0.300000 
(0.300000 
0.441098 846.415500 0.057269 

42.000000 
(0.100000 
(0.900000 
(0.300000 
(0.500000 
0.453553 877.683450 0.074643 

43.000000 
(0.100000 
(0.900000 
(0.500000 
(0.100000 
0.456400 814.798208 0.026020 

44.000000 
(0.100000 
(0.900000 
(0.500000 
(0.300000 
0.449920 866.431523 0.068116 

45.000000 
(0.100000 
(0.900000 
(0.500000 
(0.500000 
0.478167 813.599744 0.045090 

46.000000 
(0.200000 
(0.500000 
(0.100000 
(0.100000 
0.401698 775.562591 0.009901 

47.000000 
(0.200000 
(0.500000 
(0.100000 
(0.300000 
0.410908 828.367841 0.007454 

48.000000 
(0.200000 
(0.500000 
(0.100000 
(0.500000 
0.838136 834.237208 0.004055 

49.000000 
(0.200000 
(0.500000 
(0.300000 
(0.100000 
0.458929 816.711142 -0.001117 

50.000000 
(0.200000 
(0.500000 
(0.300000 
(0.300000 
0.453889 880.374858 0.008079 

51.000000 
(0.200000 
(0.500000 
(0.300000 
(0.500000 
0.469188 839.246267 0.013339 

52.000000 
(0.200000 
(0.500000 
(0.500000 
(0.100000 
0.470730 820.458324 0.010385 

53.000000 
(0.200000 
(0.500000 
(0.500000 
(0.300000 
0.443920 844.464132 0.005046 

54.000000 
(0.200000 
(0.500000 
(0.500000 
(0.500000 
0.432560 712.907507 0.021449 

55.000000 
(0.200000 
(0.600000 
(0.100000 
(0.100000 
0.436576 716.749482 0.001296 

56.000000 
(0.200000 
(0.600000 
(0.100000 
(0.300000 
0.844049 727.130842 0.010671 

57.000000 
(0.200000 
(0.600000 
(0.100000 
(0.500000 
0.472500 709.444118 0.007525 

58.000000 
(0.200000 
(0.600000 
(0.300000 
(0.100000 
0.454228 730.303045 0.014706 

59.000000 
(0.200000 
(0.600000 
(0.300000 
(0.300000 
0.454128 821.304757 0.005026 

60.000000 
(0.200000 
(0.600000 
(0.300000 
(0.500000 
0.450842 799.447558 0.017479 

61.000000 
(0.200000 
(0.600000 
(0.500000 
(0.100000 
0.422636 714.879651 0.016572 

62.000000 
(0.200000 
(0.600000 
(0.500000 
(0.300000 
0.449180 716.126082 0.016931 

63.000000 
(0.200000 
(0.600000 
(0.500000 
(0.500000 
0.409566 706.261325 0.016708 

64.000000 
(0.200000 
(0.700000 
(0.100000 
(0.100000 
0.830537 822.650118 0.017055 

65.000000 
(0.200000 
(0.700000 
(0.100000 
(0.300000 
0.406136 821.799418 0.013199 

66.000000 
(0.200000 
(0.700000 
(0.100000 
(0.500000 
0.428393 811.460829 0.012214 

67.000000 
(0.200000 
(0.700000 
(0.300000 
(0.100000 
0.442955 852.490157 0.020250 

68.000000 
(0.200000 
(0.700000 
(0.300000 
(0.300000 
0.443846 879.240030 0.012307 

69.000000 
(0.200000 
(0.700000 
(0.300000 
(0.500000 
0.417445 814.427898 0.035837 

70.000000 
(0.200000 
(0.700000 
(0.500000 
(0.100000 
0.444976 867.337546 0.019323 

71.000000 
(0.200000 
(0.700000 
(0.500000 
(0.300000 
0.446517 860.091038 0.012545 

72.000000 
(0.200000 
(0.700000 
(0.500000 
(0.500000 
0.846043 713.750337 0.013406 

73.000000 
(0.200000 
(0.800000 
(0.100000 
(0.100000 
0.401546 860.718803 0.015365 

74.000000 
(0.200000 
(0.800000 
(0.100000 
(0.300000 
0.427307 823.884166 0.006931 

75.000000 
(0.200000 
(0.800000 
(0.100000 
(0.500000 
0.413641 846.053162 0.003882 

76.000000 
(0.200000 
(0.800000 
(0.300000 
(0.100000 
0.451156 832.016529 0.012945 

77.000000 
(0.200000 
(0.800000 
(0.300000 
(0.300000 
0.448642 824.790717 0.014331 

78.000000 
(0.200000 
(0.800000 
(0.300000 
(0.500000 
0.422111 865.603171 0.026197 

79.000000 
(0.200000 
(0.800000 
(0.500000 
(0.100000 
0.432673 869.976896 0.017741 

80.000000 
(0.200000 
(0.800000 
(0.500000 
(0.300000 
0.871167 833.384339 0.003955 

81.000000 
(0.200000 
(0.800000 
(0.500000 
(0.500000 
0.448170 849.995755 0.017327 

82.000000 
(0.200000 
(0.900000 
(0.100000 
(0.100000 
0.462903 855.615090 0.017407 

83.000000 
(0.200000 
(0.900000 
(0.100000 
(0.300000 
0.456503 858.526649 0.018954 

84.000000 
(0.200000 
(0.900000 
(0.100000 
(0.500000 
0.442493 874.093813 0.021048 

85.000000 
(0.200000 
(0.900000 
(0.300000 
(0.100000 
0.467275 746.972278 0.036643 

86.000000 
(0.200000 
(0.900000 
(0.300000 
(0.300000 
0.401900 817.880320 0.032896 

87.000000 
(0.200000 
(0.900000 
(0.300000 
(0.500000 
0.476500 830.752349 0.022217 

88.000000 
(0.200000 
(0.900000 
(0.500000 
(0.100000 
0.912835 776.440448 0.050639 

89.000000 
(0.200000 
(0.900000 
(0.500000 
(0.300000 
0.454335 839.058694 0.034525 

90.000000 
(0.200000 
(0.900000 
(0.500000 
(0.500000 
0.432723 826.963674 0.047297 

91.000000 
(0.300000 
(0.500000 
(0.100000 
(0.100000 
0.396662 831.004800 0.008330 

92.000000 
(0.300000 
(0.500000 
(0.100000 
(0.300000 
0.428485 807.916734 0.016174 

93.000000 
(0.300000 
(0.500000 
(0.100000 
(0.500000 
0.425464 811.158216 -0.001343 

94.000000 
(0.300000 
(0.500000 
(0.300000 
(0.100000 
0.426082 809.535671 -0.003671 

95.000000 
(0.300000 
(0.500000 
(0.300000 
(0.300000 
0.822288 742.048046 0.004095 

96.000000 
(0.300000 
(0.500000 
(0.300000 
(0.500000 
0.420827 805.504199 0.005462 

97.000000 
(0.300000 
(0.500000 
(0.500000 
(0.100000 
0.411765 818.583478 0.003478 

98.000000 
(0.300000 
(0.500000 
(0.500000 
(0.300000 
0.423576 815.221172 -0.003032 

99.000000 
(0.300000 
(0.500000 
(0.500000 
(0.500000 
0.412116 801.225813 0.007088 

100.000000 
(0.300000 
(0.600000 
(0.100000 
(0.100000 
0.396755 801.756022 0.002069 

101.000000 
(0.300000 
(0.600000 
(0.100000 
(0.300000 
0.429105 795.102120 0.013819 

102.000000 
(0.300000 
(0.600000 
(0.100000 
(0.500000 
0.832413 801.999741 0.006046 

103.000000 
(0.300000 
(0.600000 
(0.300000 
(0.100000 
0.469693 871.231363 -0.003383 

104.000000 
(0.300000 
(0.600000 
(0.300000 
(0.300000 
0.467682 858.155705 0.010995 

105.000000 
(0.300000 
(0.600000 
(0.300000 
(0.500000 
0.433097 885.254087 0.006914 

106.000000 
(0.300000 
(0.600000 
(0.500000 
(0.100000 
0.429937 869.160908 0.015442 

107.000000 
(0.300000 
(0.600000 
(0.500000 
(0.300000 
0.441581 875.804470 0.008019 

108.000000 
(0.300000 
(0.600000 
(0.500000 
(0.500000 
0.431694 876.886528 0.011256 

109.000000 
(0.300000 
(0.700000 
(0.100000 
(0.100000 
0.863337 863.353766 0.020422 

110.000000 
(0.300000 
(0.700000 
(0.100000 
(0.300000 
0.461575 813.589169 0.009500 

111.000000 
(0.300000 
(0.700000 
(0.100000 
(0.500000 
0.442207 818.005680 0.016600 

112.000000 
(0.300000 
(0.700000 
(0.300000 
(0.100000 
0.536823 799.177397 0.004706 

113.000000 
(0.300000 
(0.700000 
(0.300000 
(0.300000 
0.432931 813.591076 0.013149 

114.000000 
(0.300000 
(0.700000 
(0.300000 
(0.500000 
0.446740 811.337830 0.017266 

115.000000 
(0.300000 
(0.700000 
(0.500000 
(0.100000 
0.847625 799.420582 0.011704 

116.000000 
(0.300000 
(0.700000 
(0.500000 
(0.300000 
0.412588 842.095657 0.035645 

117.000000 
(0.300000 
(0.700000 
(0.500000 
(0.500000 
0.443734 842.855924 0.003221 

118.000000 
(0.300000 
(0.800000 
(0.100000 
(0.100000 
0.432307 858.364901 0.012599 

119.000000 
(0.300000 
(0.800000 
(0.100000 
(0.300000 
0.433230 809.074562 0.021691 

120.000000 
(0.300000 
(0.800000 
(0.100000 
(0.500000 
0.432692 799.241396 0.013494 

121.000000 
(0.300000 
(0.800000 
(0.300000 
(0.100000 
0.881403 852.620123 0.021142 

122.000000 
(0.300000 
(0.800000 
(0.300000 
(0.300000 
0.461008 783.572836 0.025807 

123.000000 
(0.300000 
(0.800000 
(0.300000 
(0.500000 
0.460887 765.280871 0.022461 

124.000000 
(0.300000 
(0.800000 
(0.500000 
(0.100000 
0.384871 781.916156 0.022690 

125.000000 
(0.300000 
(0.800000 
(0.500000 
(0.300000 
0.424469 782.383795 0.019769 

126.000000 
(0.300000 
(0.800000 
(0.500000 
(0.500000 
0.401122 820.637364 0.006630 

127.000000 
(0.300000 
(0.900000 
(0.100000 
(0.100000 
0.837617 818.494657 0.015089 

128.000000 
(0.300000 
(0.900000 
(0.100000 
(0.300000 
0.460447 798.567850 0.047237 

129.000000 
(0.300000 
(0.900000 
(0.100000 
(0.500000 
0.488928 793.745393 0.028979 

130.000000 
(0.300000 
(0.900000 
(0.300000 
(0.100000 
0.464839 710.265121 0.024193 

131.000000 
(0.300000 
(0.900000 
(0.300000 
(0.300000 
0.462075 715.990676 0.030640 

132.000000 
(0.300000 
(0.900000 
(0.300000 
(0.500000 
0.857256 711.069980 0.045287 

133.000000 
(0.300000 
(0.900000 
(0.500000 
(0.100000 
0.460964 881.096534 0.045094 

134.000000 
(0.300000 
(0.900000 
(0.500000 
(0.300000 
0.456747 869.397967 0.037444 

135.000000 
(0.300000 
(0.900000 
(0.500000 
(0.500000 
0.473549 724.890048 0.039021 

136.000000 
(0.400000 
(0.500000 
(0.100000 
(0.100000 
0.379231 724.016292 0.007579 

137.000000 
(0.400000 
(0.500000 
(0.100000 
(0.300000 
0.836900 808.252328 0.016053 

138.000000 
(0.400000 
(0.500000 
(0.100000 
(0.500000 
0.398866 826.462326 -0.002760 

139.000000 
(0.400000 
(0.500000 
(0.300000 
(0.100000 
0.407777 814.165904 -0.005863 

140.000000 
(0.400000 
(0.500000 
(0.300000 
(0.300000 
0.398819 821.519656 -0.002381 

141.000000 
(0.400000 
(0.500000 
(0.300000 
(0.500000 
0.401003 843.811042 0.013312 

142.000000 
(0.400000 
(0.500000 
(0.500000 
(0.100000 
0.828032 828.142661 0.007477 

143.000000 
(0.400000 
(0.500000 
(0.500000 
(0.300000 
0.395723 854.311098 0.024332 

144.000000 
(0.400000 
(0.500000 
(0.500000 
(0.500000 
0.430862 771.175930 -0.004299 

145.000000 
(0.400000 
(0.600000 
(0.100000 
(0.100000 
0.430486 737.527450 -0.007929 

146.000000 
(0.400000 
(0.600000 
(0.100000 
(0.300000 
0.429574 801.092754 0.002242 

147.000000 
(0.400000 
(0.600000 
(0.100000 
(0.500000 
0.455644 863.067560 0.017234 

148.000000 
(0.400000 
(0.600000 
(0.300000 
(0.100000 
0.413916 730.945963 0.011534 

149.000000 
(0.400000 
(0.600000 
(0.300000 
(0.300000 
0.404852 737.364663 0.006544 

150.000000 
(0.400000 
(0.600000 
(0.300000 
(0.500000 
0.435187 857.616756 0.007758 

151.000000 
(0.400000 
(0.600000 
(0.500000 
(0.100000 
0.428784 871.351318 -0.002707 

152.000000 
(0.400000 
(0.600000 
(0.500000 
(0.300000 
0.433068 882.161374 0.008848 

153.000000 
(0.400000 
(0.600000 
(0.500000 
(0.500000 
0.430767 873.169141 -0.003044 

154.000000 
(0.400000 
(0.700000 
(0.100000 
(0.100000 
0.422694 895.493689 0.004302 

155.000000 
(0.400000 
(0.700000 
(0.100000 
(0.300000 
0.418873 810.881226 0.021399 

156.000000 
(0.400000 
(0.700000 
(0.100000 
(0.500000 
0.452019 817.842270 0.019278 

157.000000 
(0.400000 
(0.700000 
(0.300000 
(0.100000 
0.422207 871.524903 0.006354 

158.000000 
(0.400000 
(0.700000 
(0.300000 
(0.300000 
0.413574 808.613287 0.018748 

159.000000 
(0.400000 
(0.700000 
(0.300000 
(0.500000 
0.450249 811.453565 0.028842 

160.000000 
(0.400000 
(0.700000 
(0.500000 
(0.100000 
0.436925 807.156452 0.023111 

161.000000 
(0.400000 
(0.700000 
(0.500000 
(0.300000 
0.444091 813.723702 -0.011894 

162.000000 
(0.400000 
(0.700000 
(0.500000 
(0.500000 
0.468692 823.064580 0.011635 

163.000000 
(0.400000 
(0.800000 
(0.100000 
(0.100000 
0.455143 827.288646 0.024146 

164.000000 
(0.400000 
(0.800000 
(0.100000 
(0.300000 
0.518794 812.625842 0.013088 

165.000000 
(0.400000 
(0.800000 
(0.100000 
(0.500000 
0.415513 838.630153 0.020995 

166.000000 
(0.400000 
(0.800000 
(0.300000 
(0.100000 
0.427231 809.077522 0.015959 

167.000000 
(0.400000 
(0.800000 
(0.300000 
(0.300000 
0.458993 803.284318 0.022921 

168.000000 
(0.400000 
(0.800000 
(0.300000 
(0.500000 
0.461384 727.282235 0.016392 

169.000000 
(0.400000 
(0.800000 
(0.500000 
(0.100000 
0.447852 825.890156 -0.004486 

170.000000 
(0.400000 
(0.800000 
(0.500000 
(0.300000 
0.468664 785.352706 0.023980 

171.000000 
(0.400000 
(0.800000 
(0.500000 
(0.500000 
0.439139 785.382390 0.020039 

172.000000 
(0.400000 
(0.900000 
(0.100000 
(0.100000 
0.492366 845.836394 0.031177 

173.000000 
(0.400000 
(0.900000 
(0.100000 
(0.300000 
0.462280 791.266188 0.030898 

174.000000 
(0.400000 
(0.900000 
(0.100000 
(0.500000 
0.457569 806.826586 0.035640 

175.000000 
(0.400000 
(0.900000 
(0.300000 
(0.100000 
0.439785 812.884888 0.019991 

176.000000 
(0.400000 
(0.900000 
(0.300000 
(0.300000 
0.458189 800.868094 0.064256 

177.000000 
(0.400000 
(0.900000 
(0.300000 
(0.500000 
0.431944 716.739765 0.032177 

178.000000 
(0.400000 
(0.900000 
(0.500000 
(0.100000 
0.426878 721.309226 0.033075 

179.000000 
(0.400000 
(0.900000 
(0.500000 
(0.300000 
0.497883 723.485552 0.021471 

180.000000 
(0.400000 
(0.900000 
(0.500000 
(0.500000 
0.441322 823.696542 0.039854 

181.000000 
(0.500000 
(0.500000 
(0.100000 
(0.100000 
0.403072 809.365551 0.001621 

182.000000 
(0.500000 
(0.500000 
(0.100000 
(0.300000 
0.424894 753.409071 -0.006021 

183.000000 
(0.500000 
(0.500000 
(0.100000 
(0.500000 
0.410577 720.501137 0.006669 

184.000000 
(0.500000 
(0.500000 
(0.300000 
(0.100000 
0.427352 814.912957 -0.003560 

185.000000 
(0.500000 
(0.500000 
(0.300000 
(0.300000 
0.394187 768.124567 0.007251 

186.000000 
(0.500000 
(0.500000 
(0.300000 
(0.500000 
0.429780 852.240412 -0.000959 

187.000000 
(0.500000 
(0.500000 
(0.500000 
(0.100000 
0.458479 853.816095 -0.003827 

188.000000 
(0.500000 
(0.500000 
(0.500000 
(0.300000 
0.429079 813.971713 -0.008098 

189.000000 
(0.500000 
(0.500000 
(0.500000 
(0.500000 
0.418470 815.924265 0.008538 

190.000000 
(0.500000 
(0.600000 
(0.100000 
(0.100000 
0.399772 836.230748 0.004837 

191.000000 
(0.500000 
(0.600000 
(0.100000 
(0.300000 
0.399383 865.359619 -0.002038 

192.000000 
(0.500000 
(0.600000 
(0.100000 
(0.500000 
0.417358 771.649102 0.004786 

193.000000 
(0.500000 
(0.600000 
(0.300000 
(0.100000 
0.430434 868.886097 0.006062 

194.000000 
(0.500000 
(0.600000 
(0.300000 
(0.300000 
0.434050 842.691834 0.001925 

195.000000 
(0.500000 
(0.600000 
(0.300000 
(0.500000 
0.423509 854.408982 0.000612 

196.000000 
(0.500000 
(0.600000 
(0.500000 
(0.100000 
0.380410 817.355480 0.014194 

197.000000 
(0.500000 
(0.600000 
(0.500000 
(0.300000 
0.384620 859.322889 -0.001710 

198.000000 
(0.500000 
(0.600000 
(0.500000 
(0.500000 
0.426865 867.041975 0.022005 

199.000000 
(0.500000 
(0.700000 
(0.100000 
(0.100000 
0.434977 865.241677 0.002160 

200.000000 
(0.500000 
(0.700000 
(0.100000 
(0.300000 
0.401852 805.451849 0.006303 

201.000000 
(0.500000 
(0.700000 
(0.100000 
(0.500000 
0.432236 862.700123 -0.004066 

202.000000 
(0.500000 
(0.700000 
(0.300000 
(0.100000 
0.435685 721.309864 0.011794 

203.000000 
(0.500000 
(0.700000 
(0.300000 
(0.300000 
0.428517 716.760826 -0.010903 

204.000000 
(0.500000 
(0.700000 
(0.300000 
(0.500000 
0.399660 662.982285 0.013598 

205.000000 
(0.500000 
(0.700000 
(0.500000 
(0.100000 
0.401733 723.855663 0.009942 

206.000000 
(0.500000 
(0.700000 
(0.500000 
(0.300000 
0.414947 717.081360 0.019753 

207.000000 
(0.500000 
(0.700000 
(0.500000 
(0.500000 
0.406170 823.915794 0.013687 

208.000000 
(0.500000 
(0.800000 
(0.100000 
(0.100000 
0.417911 711.349482 0.005162 

209.000000 
(0.500000 
(0.800000 
(0.100000 
(0.300000 
0.456824 782.947676 0.019016 

210.000000 
(0.500000 
(0.800000 
(0.100000 
(0.500000 
0.423787 727.620767 0.022580 

211.000000 
(0.500000 
(0.800000 
(0.300000 
(0.100000 
0.461768 795.048336 0.016095 

212.000000 
(0.500000 
(0.800000 
(0.300000 
(0.300000 
0.389000 702.671542 0.023491 

213.000000 
(0.500000 
(0.800000 
(0.300000 
(0.500000 
0.434866 765.891525 0.023843 

214.000000 
(0.500000 
(0.800000 
(0.500000 
(0.100000 
0.432385 710.717633 0.025968 

215.000000 
(0.500000 
(0.800000 
(0.500000 
(0.300000 
0.474474 760.274728 0.002532 

216.000000 
(0.500000 
(0.800000 
(0.500000 
(0.500000 
0.412216 684.795729 0.004490 

217.000000 
(0.500000 
(0.900000 
(0.100000 
(0.100000 
0.461713 765.755402 0.024353 

218.000000 
(0.500000 
(0.900000 
(0.100000 
(0.300000 
0.419053 660.297267 0.019202 

219.000000 
(0.500000 
(0.900000 
(0.100000 
(0.500000 
0.449806 746.271291 0.042935 

220.000000 
(0.500000 
(0.900000 
(0.300000 
(0.100000 
0.418636 671.952668 0.025334 

221.000000 
(0.500000 
(0.900000 
(0.300000 
(0.300000 
0.440033 755.771423 0.031167 

222.000000 
(0.500000 
(0.900000 
(0.300000 
(0.500000 
0.408225 651.212049 0.007195 

223.000000 
(0.500000 
(0.900000 
(0.500000 
(0.100000 
0.422051 684.729920 0.047723 

224.000000 
(0.500000 
(0.900000 
(0.500000 
(0.300000 
0.415998 683.204138 0.046774 

225.000000 
(0.500000 
(0.900000 
(0.500000 
(0.500000 
0.443544 717.021420 0.040989 

