1.000000 
(0.100000 
(0.500000 
(0.100000 
(0.100000 
0.263212 811.364949 0.008656 

2.000000 
(0.100000 
(0.500000 
(0.100000 
(0.300000 
0.256974 794.129444 0.029020 

3.000000 
(0.100000 
(0.500000 
(0.100000 
(0.500000 
0.266488 802.439443 -0.009884 

4.000000 
(0.100000 
(0.500000 
(0.300000 
(0.100000 
0.284384 808.428976 0.027855 

5.000000 
(0.100000 
(0.500000 
(0.300000 
(0.300000 
0.277313 722.802772 0.037852 

6.000000 
(0.100000 
(0.500000 
(0.300000 
(0.500000 
0.256782 881.019042 0.014746 

7.000000 
(0.100000 
(0.500000 
(0.500000 
(0.100000 
0.256344 779.305158 0.021801 

8.000000 
(0.100000 
(0.500000 
(0.500000 
(0.300000 
0.873591 813.523071 0.024019 

9.000000 
(0.100000 
(0.500000 
(0.500000 
(0.500000 
0.294464 781.402985 0.044598 

10.000000 
(0.100000 
(0.600000 
(0.100000 
(0.100000 
0.293639 804.994388 0.009047 

11.000000 
(0.100000 
(0.600000 
(0.100000 
(0.300000 
0.275818 777.869421 0.022200 

12.000000 
(0.100000 
(0.600000 
(0.100000 
(0.500000 
0.274682 827.707319 0.006040 

13.000000 
(0.100000 
(0.600000 
(0.300000 
(0.100000 
0.289913 846.791251 0.005578 

14.000000 
(0.100000 
(0.600000 
(0.300000 
(0.300000 
0.301182 818.396873 -0.005515 

15.000000 
(0.100000 
(0.600000 
(0.300000 
(0.500000 
0.300123 812.666339 0.014080 

16.000000 
(0.100000 
(0.600000 
(0.500000 
(0.100000 
0.903190 818.831690 0.002016 

17.000000 
(0.100000 
(0.600000 
(0.500000 
(0.300000 
0.275917 836.845301 0.012487 

18.000000 
(0.100000 
(0.600000 
(0.500000 
(0.500000 
0.282058 763.273976 0.026827 

19.000000 
(0.100000 
(0.700000 
(0.100000 
(0.100000 
0.284616 818.378884 0.011401 

20.000000 
(0.100000 
(0.700000 
(0.100000 
(0.300000 
0.300779 845.242433 0.014952 

21.000000 
(0.100000 
(0.700000 
(0.100000 
(0.500000 
0.299559 848.180202 -0.023335 

22.000000 
(0.100000 
(0.700000 
(0.300000 
(0.100000 
0.260993 815.626196 -0.006101 

23.000000 
(0.100000 
(0.700000 
(0.300000 
(0.300000 
0.264130 723.392363 0.071379 

24.000000 
(0.100000 
(0.700000 
(0.300000 
(0.500000 
0.841949 829.154159 0.115240 

25.000000 
(0.100000 
(0.700000 
(0.500000 
(0.100000 
0.289433 744.433319 0.009205 

26.000000 
(0.100000 
(0.700000 
(0.500000 
(0.300000 
0.293752 761.957921 0.083531 

27.000000 
(0.100000 
(0.700000 
(0.500000 
(0.500000 
0.290229 743.834308 0.059547 

28.000000 
(0.100000 
(0.800000 
(0.100000 
(0.100000 
0.278075 827.548937 0.038619 

29.000000 
(0.100000 
(0.800000 
(0.100000 
(0.300000 
0.280780 820.630043 0.015316 

30.000000 
(0.100000 
(0.800000 
(0.100000 
(0.500000 
0.268530 829.224705 -0.034467 

31.000000 
(0.100000 
(0.800000 
(0.300000 
(0.100000 
0.274191 826.368097 0.045092 

32.000000 
(0.100000 
(0.800000 
(0.300000 
(0.300000 
0.881114 818.592944 0.023693 

33.000000 
(0.100000 
(0.800000 
(0.300000 
(0.500000 
0.279206 823.845789 0.036342 

34.000000 
(0.100000 
(0.800000 
(0.500000 
(0.100000 
0.287377 807.065656 0.008469 

35.000000 
(0.100000 
(0.800000 
(0.500000 
(0.300000 
0.277343 773.989322 0.049820 

36.000000 
(0.100000 
(0.800000 
(0.500000 
(0.500000 
0.289574 798.861291 0.078175 

37.000000 
(0.100000 
(0.900000 
(0.100000 
(0.100000 
0.289257 818.808305 -0.028716 

38.000000 
(0.100000 
(0.900000 
(0.100000 
(0.300000 
0.296706 851.847689 0.039869 

39.000000 
(0.100000 
(0.900000 
(0.100000 
(0.500000 
0.263779 781.625525 -0.009976 

40.000000 
(0.100000 
(0.900000 
(0.300000 
(0.100000 
0.857332 813.338199 0.096189 

41.000000 
(0.100000 
(0.900000 
(0.300000 
(0.300000 
0.305542 854.524074 0.093027 

42.000000 
(0.100000 
(0.900000 
(0.300000 
(0.500000 
0.300075 811.423577 0.135932 

43.000000 
(0.100000 
(0.900000 
(0.500000 
(0.100000 
0.261481 703.700310 0.099987 

44.000000 
(0.100000 
(0.900000 
(0.500000 
(0.300000 
0.259062 733.324136 0.101738 

45.000000 
(0.100000 
(0.900000 
(0.500000 
(0.500000 
0.276257 855.315321 0.167193 

46.000000 
(0.200000 
(0.500000 
(0.100000 
(0.100000 
0.287680 876.539092 0.016938 

47.000000 
(0.200000 
(0.500000 
(0.100000 
(0.300000 
0.276881 807.262154 0.017324 

48.000000 
(0.200000 
(0.500000 
(0.100000 
(0.500000 
0.875361 814.397453 0.029757 

49.000000 
(0.200000 
(0.500000 
(0.300000 
(0.100000 
0.263339 806.668854 0.021348 

50.000000 
(0.200000 
(0.500000 
(0.300000 
(0.300000 
0.377819 808.084978 0.022070 

51.000000 
(0.200000 
(0.500000 
(0.300000 
(0.500000 
0.306544 799.223038 0.007094 

52.000000 
(0.200000 
(0.500000 
(0.500000 
(0.100000 
0.326936 814.348979 0.016180 

53.000000 
(0.200000 
(0.500000 
(0.500000 
(0.300000 
0.310987 809.201619 0.009063 

54.000000 
(0.200000 
(0.500000 
(0.500000 
(0.500000 
0.301587 711.706851 -0.012141 

55.000000 
(0.200000 
(0.600000 
(0.100000 
(0.100000 
0.299760 704.126522 -0.000598 

56.000000 
(0.200000 
(0.600000 
(0.100000 
(0.300000 
0.867882 803.752425 0.015199 

57.000000 
(0.200000 
(0.600000 
(0.100000 
(0.500000 
0.282938 803.870504 0.019493 

58.000000 
(0.200000 
(0.600000 
(0.300000 
(0.100000 
0.286613 791.285821 0.012740 

59.000000 
(0.200000 
(0.600000 
(0.300000 
(0.300000 
0.319133 793.912237 0.010791 

60.000000 
(0.200000 
(0.600000 
(0.300000 
(0.500000 
0.306349 808.658556 0.008561 

61.000000 
(0.200000 
(0.600000 
(0.500000 
(0.100000 
0.266778 814.288617 0.005480 

62.000000 
(0.200000 
(0.600000 
(0.500000 
(0.300000 
0.263517 707.612105 0.017156 

63.000000 
(0.200000 
(0.600000 
(0.500000 
(0.500000 
0.251445 707.506727 0.067483 

64.000000 
(0.200000 
(0.700000 
(0.100000 
(0.100000 
0.856852 824.672819 0.002946 

65.000000 
(0.200000 
(0.700000 
(0.100000 
(0.300000 
0.277026 847.714947 0.028141 

66.000000 
(0.200000 
(0.700000 
(0.100000 
(0.500000 
0.281912 752.051901 -0.005460 

67.000000 
(0.200000 
(0.700000 
(0.300000 
(0.100000 
0.252568 801.554979 0.015071 

68.000000 
(0.200000 
(0.700000 
(0.300000 
(0.300000 
0.284364 795.226917 0.094902 

69.000000 
(0.200000 
(0.700000 
(0.300000 
(0.500000 
0.259515 821.978947 0.063525 

70.000000 
(0.200000 
(0.700000 
(0.500000 
(0.100000 
0.281061 831.977306 -0.001547 

71.000000 
(0.200000 
(0.700000 
(0.500000 
(0.300000 
0.268094 816.929083 0.039932 

72.000000 
(0.200000 
(0.700000 
(0.500000 
(0.500000 
0.868400 830.529730 0.067647 

73.000000 
(0.200000 
(0.800000 
(0.100000 
(0.100000 
0.285513 836.985294 -0.001735 

74.000000 
(0.200000 
(0.800000 
(0.100000 
(0.300000 
0.280415 719.995612 -0.019256 

75.000000 
(0.200000 
(0.800000 
(0.100000 
(0.500000 
0.288272 737.176576 0.010294 

76.000000 
(0.200000 
(0.800000 
(0.300000 
(0.100000 
0.292620 726.910016 0.022302 

77.000000 
(0.200000 
(0.800000 
(0.300000 
(0.300000 
0.280700 767.415000 0.016531 

78.000000 
(0.200000 
(0.800000 
(0.300000 
(0.500000 
0.309100 733.030679 0.013088 

79.000000 
(0.200000 
(0.800000 
(0.500000 
(0.100000 
0.255083 717.931105 0.053027 

80.000000 
(0.200000 
(0.800000 
(0.500000 
(0.300000 
0.900434 828.190557 0.100151 

81.000000 
(0.200000 
(0.800000 
(0.500000 
(0.500000 
0.281591 853.950674 0.076982 

82.000000 
(0.200000 
(0.900000 
(0.100000 
(0.100000 
0.286284 785.069683 0.051954 

83.000000 
(0.200000 
(0.900000 
(0.100000 
(0.300000 
0.292750 779.179786 0.044001 

84.000000 
(0.200000 
(0.900000 
(0.100000 
(0.500000 
0.260598 812.294475 0.019847 

85.000000 
(0.200000 
(0.900000 
(0.300000 
(0.100000 
0.271097 847.235076 0.075043 

86.000000 
(0.200000 
(0.900000 
(0.300000 
(0.300000 
0.266370 866.377328 0.076269 

87.000000 
(0.200000 
(0.900000 
(0.300000 
(0.500000 
0.359084 853.958890 0.151523 

88.000000 
(0.200000 
(0.900000 
(0.500000 
(0.100000 
0.869265 800.742209 0.070555 

89.000000 
(0.200000 
(0.900000 
(0.500000 
(0.300000 
0.277779 757.607130 0.065340 

90.000000 
(0.200000 
(0.900000 
(0.500000 
(0.500000 
0.269264 784.722865 0.055035 

91.000000 
(0.300000 
(0.500000 
(0.100000 
(0.100000 
0.313719 773.169606 0.010959 

92.000000 
(0.300000 
(0.500000 
(0.100000 
(0.300000 
0.304915 775.755232 0.019422 

93.000000 
(0.300000 
(0.500000 
(0.100000 
(0.500000 
0.300477 799.194465 0.034145 

94.000000 
(0.300000 
(0.500000 
(0.300000 
(0.100000 
0.282012 711.997520 0.002301 

95.000000 
(0.300000 
(0.500000 
(0.300000 
(0.300000 
0.895208 817.842803 0.024341 

96.000000 
(0.300000 
(0.500000 
(0.300000 
(0.500000 
0.268363 833.817178 0.009090 

97.000000 
(0.300000 
(0.500000 
(0.500000 
(0.100000 
0.309062 793.996329 0.018713 

98.000000 
(0.300000 
(0.500000 
(0.500000 
(0.300000 
0.324844 711.444354 -0.020294 

99.000000 
(0.300000 
(0.500000 
(0.500000 
(0.500000 
0.311890 727.307829 0.060745 

100.000000 
(0.300000 
(0.600000 
(0.100000 
(0.100000 
0.310431 729.363621 0.010216 

101.000000 
(0.300000 
(0.600000 
(0.100000 
(0.300000 
0.273126 705.676213 0.039233 

102.000000 
(0.300000 
(0.600000 
(0.100000 
(0.500000 
0.907785 810.664458 0.006612 

103.000000 
(0.300000 
(0.600000 
(0.300000 
(0.100000 
0.288861 761.490131 -0.004379 

104.000000 
(0.300000 
(0.600000 
(0.300000 
(0.300000 
0.273809 749.499619 0.015832 

105.000000 
(0.300000 
(0.600000 
(0.300000 
(0.500000 
0.299552 808.710861 0.034110 

106.000000 
(0.300000 
(0.600000 
(0.500000 
(0.100000 
0.287632 871.271629 0.013485 

107.000000 
(0.300000 
(0.600000 
(0.500000 
(0.300000 
0.275261 858.035247 0.040633 

108.000000 
(0.300000 
(0.600000 
(0.500000 
(0.500000 
0.275782 844.988975 0.022397 

109.000000 
(0.300000 
(0.700000 
(0.100000 
(0.100000 
0.840103 813.828165 0.004682 

110.000000 
(0.300000 
(0.700000 
(0.100000 
(0.300000 
0.301229 733.746721 0.008440 

111.000000 
(0.300000 
(0.700000 
(0.100000 
(0.500000 
0.292295 867.123654 -0.015950 

112.000000 
(0.300000 
(0.700000 
(0.300000 
(0.100000 
0.312418 866.097783 0.040343 

113.000000 
(0.300000 
(0.700000 
(0.300000 
(0.300000 
0.258859 739.967398 0.037421 

114.000000 
(0.300000 
(0.700000 
(0.300000 
(0.500000 
0.252545 716.155664 0.057481 

115.000000 
(0.300000 
(0.700000 
(0.500000 
(0.100000 
0.846484 842.922416 0.012911 

116.000000 
(0.300000 
(0.700000 
(0.500000 
(0.300000 
0.283040 766.524642 0.059935 

117.000000 
(0.300000 
(0.700000 
(0.500000 
(0.500000 
0.280103 763.352921 0.040603 

118.000000 
(0.300000 
(0.800000 
(0.100000 
(0.100000 
0.253288 840.939459 0.021867 

119.000000 
(0.300000 
(0.800000 
(0.100000 
(0.300000 
0.248016 826.078921 0.017128 

120.000000 
(0.300000 
(0.800000 
(0.100000 
(0.500000 
0.265590 813.642202 -0.012102 

121.000000 
(0.300000 
(0.800000 
(0.300000 
(0.100000 
0.868071 823.339549 0.050961 

122.000000 
(0.300000 
(0.800000 
(0.300000 
(0.300000 
0.259505 775.993809 0.090572 

123.000000 
(0.300000 
(0.800000 
(0.300000 
(0.500000 
0.272626 854.492263 0.055470 

124.000000 
(0.300000 
(0.800000 
(0.500000 
(0.100000 
0.258456 829.430605 -0.012138 

125.000000 
(0.300000 
(0.800000 
(0.500000 
(0.300000 
0.317923 828.356214 0.058737 

126.000000 
(0.300000 
(0.800000 
(0.500000 
(0.500000 
0.343130 814.537868 0.110111 

127.000000 
(0.300000 
(0.900000 
(0.100000 
(0.100000 
0.875783 817.108959 -0.023992 

128.000000 
(0.300000 
(0.900000 
(0.100000 
(0.300000 
0.303865 749.511760 0.084027 

129.000000 
(0.300000 
(0.900000 
(0.100000 
(0.500000 
0.305564 786.559859 0.047809 

130.000000 
(0.300000 
(0.900000 
(0.300000 
(0.100000 
0.300857 841.638900 0.104244 

131.000000 
(0.300000 
(0.900000 
(0.300000 
(0.300000 
0.270569 698.091023 0.071077 

132.000000 
(0.300000 
(0.900000 
(0.300000 
(0.500000 
0.898516 813.455062 0.041234 

133.000000 
(0.300000 
(0.900000 
(0.500000 
(0.100000 
0.275103 838.658683 0.063915 

134.000000 
(0.300000 
(0.900000 
(0.500000 
(0.300000 
0.308950 844.820401 0.090181 

135.000000 
(0.300000 
(0.900000 
(0.500000 
(0.500000 
0.308174 739.205537 0.081745 

136.000000 
(0.400000 
(0.500000 
(0.100000 
(0.100000 
0.286680 728.202805 0.023265 

137.000000 
(0.400000 
(0.500000 
(0.100000 
(0.300000 
0.875835 831.719478 0.013913 

138.000000 
(0.400000 
(0.500000 
(0.100000 
(0.500000 
0.298557 695.229546 0.038426 

139.000000 
(0.400000 
(0.500000 
(0.300000 
(0.100000 
0.266680 707.061782 0.009009 

140.000000 
(0.400000 
(0.500000 
(0.300000 
(0.300000 
0.290606 804.642168 -0.006018 

141.000000 
(0.400000 
(0.500000 
(0.300000 
(0.500000 
0.268663 712.314786 0.030213 

142.000000 
(0.400000 
(0.500000 
(0.500000 
(0.100000 
0.885065 806.197647 0.007234 

143.000000 
(0.400000 
(0.500000 
(0.500000 
(0.300000 
0.323873 811.302447 0.033473 

144.000000 
(0.400000 
(0.500000 
(0.500000 
(0.500000 
0.328895 806.384668 0.049932 

145.000000 
(0.400000 
(0.600000 
(0.100000 
(0.100000 
0.317071 819.051062 0.019331 

146.000000 
(0.400000 
(0.600000 
(0.100000 
(0.300000 
0.310248 800.745083 0.018542 

147.000000 
(0.400000 
(0.600000 
(0.100000 
(0.500000 
0.275957 796.056468 -0.003999 

148.000000 
(0.400000 
(0.600000 
(0.300000 
(0.100000 
0.313504 735.237358 0.029553 

149.000000 
(0.400000 
(0.600000 
(0.300000 
(0.300000 
0.261689 849.335324 0.020260 

150.000000 
(0.400000 
(0.600000 
(0.300000 
(0.500000 
0.265564 793.909975 0.035266 

151.000000 
(0.400000 
(0.600000 
(0.500000 
(0.100000 
0.271113 815.358971 0.009156 

152.000000 
(0.400000 
(0.600000 
(0.500000 
(0.300000 
0.297699 788.836619 0.044734 

153.000000 
(0.400000 
(0.600000 
(0.500000 
(0.500000 
0.294711 795.072631 0.026710 

154.000000 
(0.400000 
(0.700000 
(0.100000 
(0.100000 
0.302274 785.201256 0.015309 

155.000000 
(0.400000 
(0.700000 
(0.100000 
(0.300000 
0.298479 812.519450 0.013208 

156.000000 
(0.400000 
(0.700000 
(0.100000 
(0.500000 
0.293444 819.951439 0.042864 

157.000000 
(0.400000 
(0.700000 
(0.300000 
(0.100000 
0.291691 813.241899 -0.008285 

158.000000 
(0.400000 
(0.700000 
(0.300000 
(0.300000 
0.295703 797.465397 0.060883 

159.000000 
(0.400000 
(0.700000 
(0.300000 
(0.500000 
0.300144 802.004345 0.075986 

160.000000 
(0.400000 
(0.700000 
(0.500000 
(0.100000 
0.273786 722.179874 -0.010518 

161.000000 
(0.400000 
(0.700000 
(0.500000 
(0.300000 
0.297731 766.862625 0.023617 

162.000000 
(0.400000 
(0.700000 
(0.500000 
(0.500000 
0.278372 778.740162 0.090896 

163.000000 
(0.400000 
(0.800000 
(0.100000 
(0.100000 
0.260152 787.366228 0.025758 

164.000000 
(0.400000 
(0.800000 
(0.100000 
(0.300000 
0.276677 859.258911 0.014614 

165.000000 
(0.400000 
(0.800000 
(0.100000 
(0.500000 
0.289333 805.306793 0.013362 

166.000000 
(0.400000 
(0.800000 
(0.300000 
(0.100000 
0.291526 784.788685 0.028385 

167.000000 
(0.400000 
(0.800000 
(0.300000 
(0.300000 
0.271289 808.995470 0.008090 

168.000000 
(0.400000 
(0.800000 
(0.300000 
(0.500000 
0.263811 814.191597 0.047996 

169.000000 
(0.400000 
(0.800000 
(0.500000 
(0.100000 
0.276043 798.296792 0.063675 

170.000000 
(0.400000 
(0.800000 
(0.500000 
(0.300000 
0.261136 863.464937 0.028496 

171.000000 
(0.400000 
(0.800000 
(0.500000 
(0.500000 
0.325767 795.398668 0.054875 

172.000000 
(0.400000 
(0.900000 
(0.100000 
(0.100000 
0.304746 827.830418 0.017144 

173.000000 
(0.400000 
(0.900000 
(0.100000 
(0.300000 
0.296056 821.827817 -0.010921 

174.000000 
(0.400000 
(0.900000 
(0.100000 
(0.500000 
0.281623 833.781300 0.031596 

175.000000 
(0.400000 
(0.900000 
(0.300000 
(0.100000 
0.291932 867.940158 0.112449 

176.000000 
(0.400000 
(0.900000 
(0.300000 
(0.300000 
0.294470 852.500921 0.066797 

177.000000 
(0.400000 
(0.900000 
(0.300000 
(0.500000 
0.300030 829.844658 0.028220 

178.000000 
(0.400000 
(0.900000 
(0.500000 
(0.100000 
0.304643 842.891601 0.025030 

179.000000 
(0.400000 
(0.900000 
(0.500000 
(0.300000 
0.285640 834.046054 0.032307 

180.000000 
(0.400000 
(0.900000 
(0.500000 
(0.500000 
0.261951 812.136680 0.085076 

181.000000 
(0.500000 
(0.500000 
(0.100000 
(0.100000 
0.296031 842.765763 0.007822 

182.000000 
(0.500000 
(0.500000 
(0.100000 
(0.300000 
0.305166 825.273265 0.006759 

183.000000 
(0.500000 
(0.500000 
(0.100000 
(0.500000 
0.283440 806.908347 0.032034 

184.000000 
(0.500000 
(0.500000 
(0.300000 
(0.100000 
0.287536 843.146869 0.018382 

185.000000 
(0.500000 
(0.500000 
(0.300000 
(0.300000 
0.266142 840.284289 0.022134 

186.000000 
(0.500000 
(0.500000 
(0.300000 
(0.500000 
0.301819 778.194301 0.006181 

187.000000 
(0.500000 
(0.500000 
(0.500000 
(0.100000 
0.292546 744.646711 0.014876 

188.000000 
(0.500000 
(0.500000 
(0.500000 
(0.300000 
0.258584 789.190013 0.022708 

189.000000 
(0.500000 
(0.500000 
(0.500000 
(0.500000 
0.262789 819.235276 0.033277 

190.000000 
(0.500000 
(0.600000 
(0.100000 
(0.100000 
0.269223 840.178410 0.011198 

191.000000 
(0.500000 
(0.600000 
(0.100000 
(0.300000 
0.290839 851.389762 -0.006035 

192.000000 
(0.500000 
(0.600000 
(0.100000 
(0.500000 
0.289501 833.582490 0.003531 

193.000000 
(0.500000 
(0.600000 
(0.300000 
(0.100000 
0.262540 830.956170 0.017423 

194.000000 
(0.500000 
(0.600000 
(0.300000 
(0.300000 
0.266038 750.214410 0.027525 

195.000000 
(0.500000 
(0.600000 
(0.300000 
(0.500000 
0.262781 809.881550 0.046284 

196.000000 
(0.500000 
(0.600000 
(0.500000 
(0.100000 
0.268308 803.653988 0.011698 

197.000000 
(0.500000 
(0.600000 
(0.500000 
(0.300000 
0.272615 858.579640 0.015080 

198.000000 
(0.500000 
(0.600000 
(0.500000 
(0.500000 
0.273363 842.267604 0.006855 

199.000000 
(0.500000 
(0.700000 
(0.100000 
(0.100000 
0.276843 839.822269 0.009933 

200.000000 
(0.500000 
(0.700000 
(0.100000 
(0.300000 
0.283243 786.952162 -0.009499 

201.000000 
(0.500000 
(0.700000 
(0.100000 
(0.500000 
0.263727 855.572396 -0.000836 

202.000000 
(0.500000 
(0.700000 
(0.300000 
(0.100000 
0.313111 805.532350 -0.008065 

203.000000 
(0.500000 
(0.700000 
(0.300000 
(0.300000 
0.306716 771.833040 0.066017 

204.000000 
(0.500000 
(0.700000 
(0.300000 
(0.500000 
0.276117 807.758453 0.008109 

205.000000 
(0.500000 
(0.700000 
(0.500000 
(0.100000 
0.334116 793.239333 0.003559 

206.000000 
(0.500000 
(0.700000 
(0.500000 
(0.300000 
0.317351 724.837123 0.012279 

207.000000 
(0.500000 
(0.700000 
(0.500000 
(0.500000 
0.329512 765.692690 0.060114 

208.000000 
(0.500000 
(0.800000 
(0.100000 
(0.100000 
0.255939 708.882326 -0.003904 

209.000000 
(0.500000 
(0.800000 
(0.100000 
(0.300000 
0.262578 811.792182 0.020688 

210.000000 
(0.500000 
(0.800000 
(0.100000 
(0.500000 
0.253550 677.985847 -0.014868 

211.000000 
(0.500000 
(0.800000 
(0.300000 
(0.100000 
0.253694 733.648489 -0.007314 

212.000000 
(0.500000 
(0.800000 
(0.300000 
(0.300000 
0.278392 655.544103 0.032622 

213.000000 
(0.500000 
(0.800000 
(0.300000 
(0.500000 
0.281295 707.175834 0.020443 

214.000000 
(0.500000 
(0.800000 
(0.500000 
(0.100000 
0.265167 703.709423 0.029503 

215.000000 
(0.500000 
(0.800000 
(0.500000 
(0.300000 
0.295190 785.605081 0.029315 

216.000000 
(0.500000 
(0.800000 
(0.500000 
(0.500000 
0.271960 669.215559 0.091562 

217.000000 
(0.500000 
(0.900000 
(0.100000 
(0.100000 
0.294907 774.999040 0.005292 

218.000000 
(0.500000 
(0.900000 
(0.100000 
(0.300000 
0.266269 695.053907 0.025077 

219.000000 
(0.500000 
(0.900000 
(0.100000 
(0.500000 
0.268263 780.754097 0.012786 

220.000000 
(0.500000 
(0.900000 
(0.300000 
(0.100000 
0.257351 704.103480 0.030249 

221.000000 
(0.500000 
(0.900000 
(0.300000 
(0.300000 
0.301972 755.657656 0.095275 

222.000000 
(0.500000 
(0.900000 
(0.300000 
(0.500000 
0.263154 648.014280 0.075765 

223.000000 
(0.500000 
(0.900000 
(0.500000 
(0.100000 
0.292365 761.521913 0.045360 

224.000000 
(0.500000 
(0.900000 
(0.500000 
(0.300000 
0.242797 685.756688 0.086589 

225.000000 
(0.500000 
(0.900000 
(0.500000 
(0.500000 
0.257012 751.797913 0.115569 

