1.000000 
(0.100000 
(0.500000 
(0.100000 
(0.100000 
0.393712 1809.922985 0.011907 

2.000000 
(0.100000 
(0.500000 
(0.100000 
(0.300000 
0.408552 2181.488750 0.030673 

3.000000 
(0.100000 
(0.500000 
(0.100000 
(0.500000 
0.399798 2396.523946 0.023396 

4.000000 
(0.100000 
(0.500000 
(0.300000 
(0.100000 
0.388680 2363.264716 0.017946 

5.000000 
(0.100000 
(0.500000 
(0.300000 
(0.300000 
0.397073 1951.014911 0.021051 

6.000000 
(0.100000 
(0.500000 
(0.300000 
(0.500000 
0.395488 2230.024668 0.004476 

7.000000 
(0.100000 
(0.500000 
(0.500000 
(0.100000 
0.402050 2365.620485 0.014356 

8.000000 
(0.100000 
(0.500000 
(0.500000 
(0.300000 
0.390351 2223.152932 0.029486 

9.000000 
(0.100000 
(0.500000 
(0.500000 
(0.500000 
0.399105 2340.275537 0.033558 

10.000000 
(0.100000 
(0.600000 
(0.100000 
(0.100000 
0.386781 1834.947774 0.016567 

11.000000 
(0.100000 
(0.600000 
(0.100000 
(0.300000 
0.366319 2016.924713 0.010662 

12.000000 
(0.100000 
(0.600000 
(0.100000 
(0.500000 
0.363094 2376.189395 0.017380 

13.000000 
(0.100000 
(0.600000 
(0.300000 
(0.100000 
0.997473 2267.151400 0.021762 

14.000000 
(0.100000 
(0.600000 
(0.300000 
(0.300000 
0.402703 2081.706292 0.021167 

15.000000 
(0.100000 
(0.600000 
(0.300000 
(0.500000 
0.412142 1900.964237 -0.000055 

16.000000 
(0.100000 
(0.600000 
(0.500000 
(0.100000 
0.390619 2031.953129 0.011422 

17.000000 
(0.100000 
(0.600000 
(0.500000 
(0.300000 
0.415252 1802.401943 0.008403 

18.000000 
(0.100000 
(0.600000 
(0.500000 
(0.500000 
0.412925 2143.831003 0.026694 

19.000000 
(0.100000 
(0.700000 
(0.100000 
(0.100000 
0.393323 2162.395863 0.024011 

20.000000 
(0.100000 
(0.700000 
(0.100000 
(0.300000 
0.435328 2245.424366 0.033141 

21.000000 
(0.100000 
(0.700000 
(0.100000 
(0.500000 
0.403641 2235.693203 0.035487 

22.000000 
(0.100000 
(0.700000 
(0.300000 
(0.100000 
0.398107 1856.062753 0.038586 

23.000000 
(0.100000 
(0.700000 
(0.300000 
(0.300000 
0.365047 2158.286783 0.020054 

24.000000 
(0.100000 
(0.700000 
(0.300000 
(0.500000 
0.409551 2113.452643 0.037584 

25.000000 
(0.100000 
(0.700000 
(0.500000 
(0.100000 
0.372537 1825.283984 0.036125 

26.000000 
(0.100000 
(0.700000 
(0.500000 
(0.300000 
0.973918 2247.206752 0.032777 

27.000000 
(0.100000 
(0.700000 
(0.500000 
(0.500000 
0.402931 2282.842966 0.036717 

28.000000 
(0.100000 
(0.800000 
(0.100000 
(0.100000 
0.399978 2285.366457 0.028140 

29.000000 
(0.100000 
(0.800000 
(0.100000 
(0.300000 
0.415416 1920.182890 0.012810 

30.000000 
(0.100000 
(0.800000 
(0.100000 
(0.500000 
0.411591 1934.495758 0.016375 

31.000000 
(0.100000 
(0.800000 
(0.300000 
(0.100000 
0.400566 1981.119328 0.037977 

32.000000 
(0.100000 
(0.800000 
(0.300000 
(0.300000 
0.387387 2268.607259 0.054036 

33.000000 
(0.100000 
(0.800000 
(0.300000 
(0.500000 
0.397873 2316.768170 0.043843 

34.000000 
(0.100000 
(0.800000 
(0.500000 
(0.100000 
0.417115 1873.016519 0.023605 

35.000000 
(0.100000 
(0.800000 
(0.500000 
(0.300000 
0.380569 2235.370754 0.066152 

36.000000 
(0.100000 
(0.800000 
(0.500000 
(0.500000 
0.398617 2200.717566 0.037511 

37.000000 
(0.100000 
(0.900000 
(0.100000 
(0.100000 
0.390321 2281.845299 0.046299 

38.000000 
(0.100000 
(0.900000 
(0.100000 
(0.300000 
0.376770 2251.474795 0.069767 

39.000000 
(0.100000 
(0.900000 
(0.100000 
(0.500000 
0.969833 2284.770645 0.064081 

40.000000 
(0.100000 
(0.900000 
(0.300000 
(0.100000 
0.378868 2111.677926 0.063438 

41.000000 
(0.100000 
(0.900000 
(0.300000 
(0.300000 
0.397877 1947.410307 0.073779 

42.000000 
(0.100000 
(0.900000 
(0.300000 
(0.500000 
0.414055 1789.372511 0.046644 

43.000000 
(0.100000 
(0.900000 
(0.500000 
(0.100000 
0.413557 2144.270311 0.075712 

44.000000 
(0.100000 
(0.900000 
(0.500000 
(0.300000 
0.392195 1813.220700 0.059347 

45.000000 
(0.100000 
(0.900000 
(0.500000 
(0.500000 
0.383151 2146.185232 0.069963 

46.000000 
(0.200000 
(0.500000 
(0.100000 
(0.100000 
0.365104 2179.032522 0.003779 

47.000000 
(0.200000 
(0.500000 
(0.100000 
(0.300000 
0.400322 2004.824017 0.013600 

48.000000 
(0.200000 
(0.500000 
(0.100000 
(0.500000 
0.385659 2354.331567 0.011036 

49.000000 
(0.200000 
(0.500000 
(0.300000 
(0.100000 
0.399159 2352.862706 0.015489 

50.000000 
(0.200000 
(0.500000 
(0.300000 
(0.300000 
0.397408 2308.191602 0.020211 

51.000000 
(0.200000 
(0.500000 
(0.300000 
(0.500000 
0.379221 1770.156230 0.018425 

52.000000 
(0.200000 
(0.500000 
(0.500000 
(0.100000 
0.978372 2315.547532 0.005635 

53.000000 
(0.200000 
(0.500000 
(0.500000 
(0.300000 
0.414483 1966.507129 0.028287 

54.000000 
(0.200000 
(0.500000 
(0.500000 
(0.500000 
0.381095 2110.285275 0.023761 

55.000000 
(0.200000 
(0.600000 
(0.100000 
(0.100000 
0.392900 2154.148713 0.010514 

56.000000 
(0.200000 
(0.600000 
(0.100000 
(0.300000 
0.372205 2135.675379 0.008349 

57.000000 
(0.200000 
(0.600000 
(0.100000 
(0.500000 
0.392561 2151.607620 0.006924 

58.000000 
(0.200000 
(0.600000 
(0.300000 
(0.100000 
0.410487 2244.480761 0.011428 

59.000000 
(0.200000 
(0.600000 
(0.300000 
(0.300000 
0.413838 2200.099992 0.015318 

60.000000 
(0.200000 
(0.600000 
(0.300000 
(0.500000 
0.396412 2242.853277 0.016923 

61.000000 
(0.200000 
(0.600000 
(0.500000 
(0.100000 
0.380705 2150.422094 0.019727 

62.000000 
(0.200000 
(0.600000 
(0.500000 
(0.300000 
0.413864 2238.492075 0.015829 

63.000000 
(0.200000 
(0.600000 
(0.500000 
(0.500000 
0.394599 1823.449207 0.015412 

64.000000 
(0.200000 
(0.700000 
(0.100000 
(0.100000 
0.381104 1875.815681 0.003869 

65.000000 
(0.200000 
(0.700000 
(0.100000 
(0.300000 
0.993058 2274.508193 0.022789 

66.000000 
(0.200000 
(0.700000 
(0.100000 
(0.500000 
0.397865 2151.465477 0.021417 

67.000000 
(0.200000 
(0.700000 
(0.300000 
(0.100000 
0.387685 2174.350793 0.019558 

68.000000 
(0.200000 
(0.700000 
(0.300000 
(0.300000 
0.394032 2155.967505 0.035450 

69.000000 
(0.200000 
(0.700000 
(0.300000 
(0.500000 
0.410951 1800.953798 0.026468 

70.000000 
(0.200000 
(0.700000 
(0.500000 
(0.100000 
0.378993 1798.901864 0.026251 

71.000000 
(0.200000 
(0.700000 
(0.500000 
(0.300000 
0.398896 2147.761993 0.017319 

72.000000 
(0.200000 
(0.700000 
(0.500000 
(0.500000 
0.385420 2247.537531 0.032151 

73.000000 
(0.200000 
(0.800000 
(0.100000 
(0.100000 
0.393766 2269.821289 0.024154 

74.000000 
(0.200000 
(0.800000 
(0.100000 
(0.300000 
0.415822 2175.379211 0.012332 

75.000000 
(0.200000 
(0.800000 
(0.100000 
(0.500000 
0.368771 1734.568587 0.026211 

76.000000 
(0.200000 
(0.800000 
(0.300000 
(0.100000 
0.360244 1769.142636 0.032168 

77.000000 
(0.200000 
(0.800000 
(0.300000 
(0.300000 
0.380863 2186.498176 0.053234 

78.000000 
(0.200000 
(0.800000 
(0.300000 
(0.500000 
0.973166 2272.874034 0.055935 

79.000000 
(0.200000 
(0.800000 
(0.500000 
(0.100000 
0.394287 1954.658635 0.050380 

80.000000 
(0.200000 
(0.800000 
(0.500000 
(0.300000 
0.404199 2359.414670 0.043471 

81.000000 
(0.200000 
(0.800000 
(0.500000 
(0.500000 
0.413632 2361.009295 0.041944 

82.000000 
(0.200000 
(0.900000 
(0.100000 
(0.100000 
0.416582 2343.933569 0.033573 

83.000000 
(0.200000 
(0.900000 
(0.100000 
(0.300000 
0.415492 2358.648459 0.038277 

84.000000 
(0.200000 
(0.900000 
(0.100000 
(0.500000 
0.387039 1819.203437 0.089221 

85.000000 
(0.200000 
(0.900000 
(0.300000 
(0.100000 
0.409395 2095.498169 0.069991 

86.000000 
(0.200000 
(0.900000 
(0.300000 
(0.300000 
0.420759 2292.263733 0.020344 

87.000000 
(0.200000 
(0.900000 
(0.300000 
(0.500000 
0.411897 2087.531019 0.050045 

88.000000 
(0.200000 
(0.900000 
(0.500000 
(0.100000 
0.404162 2335.822248 0.062789 

89.000000 
(0.200000 
(0.900000 
(0.500000 
(0.300000 
0.394577 2363.924263 0.062592 

90.000000 
(0.200000 
(0.900000 
(0.500000 
(0.500000 
0.364080 2328.566152 0.089166 

91.000000 
(0.300000 
(0.500000 
(0.100000 
(0.100000 
0.963492 2257.645604 0.008247 

92.000000 
(0.300000 
(0.500000 
(0.100000 
(0.300000 
0.396446 2226.185838 0.025865 

93.000000 
(0.300000 
(0.500000 
(0.100000 
(0.500000 
0.397790 2004.185823 0.012932 

94.000000 
(0.300000 
(0.500000 
(0.300000 
(0.100000 
0.404531 1953.439994 -0.009260 

95.000000 
(0.300000 
(0.500000 
(0.300000 
(0.300000 
0.403973 1947.099245 0.020384 

96.000000 
(0.300000 
(0.500000 
(0.300000 
(0.500000 
0.400051 2257.147090 0.018358 

97.000000 
(0.300000 
(0.500000 
(0.500000 
(0.100000 
0.401811 2181.757680 0.013585 

98.000000 
(0.300000 
(0.500000 
(0.500000 
(0.300000 
0.378628 2182.637771 0.010775 

99.000000 
(0.300000 
(0.500000 
(0.500000 
(0.500000 
0.397992 1940.408860 0.024830 

100.000000 
(0.300000 
(0.600000 
(0.100000 
(0.100000 
0.394268 1996.589162 0.013575 

101.000000 
(0.300000 
(0.600000 
(0.100000 
(0.300000 
0.378349 2154.392616 0.017103 

102.000000 
(0.300000 
(0.600000 
(0.100000 
(0.500000 
0.351243 2339.986329 0.008341 

103.000000 
(0.300000 
(0.600000 
(0.300000 
(0.100000 
0.998806 2249.938288 0.004398 

104.000000 
(0.300000 
(0.600000 
(0.300000 
(0.300000 
0.396034 2142.528079 0.016091 

105.000000 
(0.300000 
(0.600000 
(0.300000 
(0.500000 
0.396215 2246.213006 0.004084 

106.000000 
(0.300000 
(0.600000 
(0.500000 
(0.100000 
0.394352 2338.103741 0.016799 

107.000000 
(0.300000 
(0.600000 
(0.500000 
(0.300000 
0.370630 2192.561388 0.012762 

108.000000 
(0.300000 
(0.600000 
(0.500000 
(0.500000 
0.408822 2163.153012 0.012854 

109.000000 
(0.300000 
(0.700000 
(0.100000 
(0.100000 
0.405987 2220.561219 0.035301 

110.000000 
(0.300000 
(0.700000 
(0.100000 
(0.300000 
0.357819 1873.977371 0.024944 

111.000000 
(0.300000 
(0.700000 
(0.100000 
(0.500000 
0.365418 2201.074275 0.023483 

112.000000 
(0.300000 
(0.700000 
(0.300000 
(0.100000 
0.351417 2164.954040 0.028830 

113.000000 
(0.300000 
(0.700000 
(0.300000 
(0.300000 
0.366930 2199.930930 0.021746 

114.000000 
(0.300000 
(0.700000 
(0.300000 
(0.500000 
0.981718 2272.297038 0.034973 

115.000000 
(0.300000 
(0.700000 
(0.500000 
(0.100000 
0.405268 1822.163219 0.021946 

116.000000 
(0.300000 
(0.700000 
(0.500000 
(0.300000 
0.379292 2261.841576 0.015395 

117.000000 
(0.300000 
(0.700000 
(0.500000 
(0.500000 
0.401610 2156.889393 0.020044 

118.000000 
(0.300000 
(0.800000 
(0.100000 
(0.100000 
0.391682 2024.812243 0.012905 

119.000000 
(0.300000 
(0.800000 
(0.100000 
(0.300000 
0.376231 2161.998968 0.021564 

120.000000 
(0.300000 
(0.800000 
(0.100000 
(0.500000 
0.401390 2192.509074 0.017215 

121.000000 
(0.300000 
(0.800000 
(0.300000 
(0.100000 
0.398361 1820.942644 0.019379 

122.000000 
(0.300000 
(0.800000 
(0.300000 
(0.300000 
0.404334 1875.637039 0.053193 

123.000000 
(0.300000 
(0.800000 
(0.300000 
(0.500000 
0.397596 1841.257086 0.031136 

124.000000 
(0.300000 
(0.800000 
(0.500000 
(0.100000 
0.981500 2419.170027 0.023166 

125.000000 
(0.300000 
(0.800000 
(0.500000 
(0.300000 
0.407687 1854.036673 0.062426 

126.000000 
(0.300000 
(0.800000 
(0.500000 
(0.500000 
0.393987 2183.073208 0.020532 

127.000000 
(0.300000 
(0.900000 
(0.100000 
(0.100000 
0.392176 2280.517924 0.044911 

128.000000 
(0.300000 
(0.900000 
(0.100000 
(0.300000 
0.391006 2168.703660 0.059356 

129.000000 
(0.300000 
(0.900000 
(0.100000 
(0.500000 
0.397114 2149.031742 0.052872 

130.000000 
(0.300000 
(0.900000 
(0.300000 
(0.100000 
0.408181 2145.395057 0.060460 

131.000000 
(0.300000 
(0.900000 
(0.300000 
(0.300000 
0.399883 1783.673717 0.052677 

132.000000 
(0.300000 
(0.900000 
(0.300000 
(0.500000 
0.383595 1843.978924 0.050262 

133.000000 
(0.300000 
(0.900000 
(0.500000 
(0.100000 
1.009584 2354.441033 0.064846 

134.000000 
(0.300000 
(0.900000 
(0.500000 
(0.300000 
0.406535 2308.947832 0.065805 

135.000000 
(0.300000 
(0.900000 
(0.500000 
(0.500000 
0.377609 1837.701342 0.086647 

136.000000 
(0.400000 
(0.500000 
(0.100000 
(0.100000 
0.364307 1816.700665 0.012715 

137.000000 
(0.400000 
(0.500000 
(0.100000 
(0.300000 
0.400203 1831.437368 0.019419 

138.000000 
(0.400000 
(0.500000 
(0.100000 
(0.500000 
0.378983 1803.867120 0.000553 

139.000000 
(0.400000 
(0.500000 
(0.300000 
(0.100000 
0.370283 1856.164075 0.006154 

140.000000 
(0.400000 
(0.500000 
(0.300000 
(0.300000 
0.366832 2301.186316 0.018619 

141.000000 
(0.400000 
(0.500000 
(0.300000 
(0.500000 
0.993676 2408.038123 0.021705 

142.000000 
(0.400000 
(0.500000 
(0.500000 
(0.100000 
0.400421 2209.806109 0.010447 

143.000000 
(0.400000 
(0.500000 
(0.500000 
(0.300000 
0.393872 2196.996602 0.005524 

144.000000 
(0.400000 
(0.500000 
(0.500000 
(0.500000 
0.393450 2181.144834 0.015427 

145.000000 
(0.400000 
(0.600000 
(0.100000 
(0.100000 
0.415764 2200.147316 0.013563 

146.000000 
(0.400000 
(0.600000 
(0.100000 
(0.300000 
0.373864 2167.919832 0.005494 

147.000000 
(0.400000 
(0.600000 
(0.100000 
(0.500000 
0.378666 1932.743167 0.020110 

148.000000 
(0.400000 
(0.600000 
(0.300000 
(0.100000 
0.414971 2052.567144 0.011631 

149.000000 
(0.400000 
(0.600000 
(0.300000 
(0.300000 
0.401835 2157.270032 0.010739 

150.000000 
(0.400000 
(0.600000 
(0.300000 
(0.500000 
0.406547 2152.646029 0.013418 

151.000000 
(0.400000 
(0.600000 
(0.500000 
(0.100000 
0.401590 2168.571721 0.016302 

152.000000 
(0.400000 
(0.600000 
(0.500000 
(0.300000 
0.407903 1813.094329 -0.002875 

153.000000 
(0.400000 
(0.600000 
(0.500000 
(0.500000 
0.411644 1848.831936 0.018289 

154.000000 
(0.400000 
(0.700000 
(0.100000 
(0.100000 
0.385356 1839.011091 0.011796 

155.000000 
(0.400000 
(0.700000 
(0.100000 
(0.300000 
0.392739 2175.476587 0.026059 

156.000000 
(0.400000 
(0.700000 
(0.100000 
(0.500000 
0.404096 2187.184863 0.027976 

157.000000 
(0.400000 
(0.700000 
(0.300000 
(0.100000 
0.403669 2131.937368 0.017663 

158.000000 
(0.400000 
(0.700000 
(0.300000 
(0.300000 
0.391036 2145.909174 0.021900 

159.000000 
(0.400000 
(0.700000 
(0.300000 
(0.500000 
0.403397 2147.579733 0.011899 

160.000000 
(0.400000 
(0.700000 
(0.500000 
(0.100000 
0.370791 2144.834378 0.020384 

161.000000 
(0.400000 
(0.700000 
(0.500000 
(0.300000 
0.379007 2210.847792 0.011927 

162.000000 
(0.400000 
(0.700000 
(0.500000 
(0.500000 
0.372243 2303.637614 0.038354 

163.000000 
(0.400000 
(0.800000 
(0.100000 
(0.100000 
0.403090 2070.474724 0.028874 

164.000000 
(0.400000 
(0.800000 
(0.100000 
(0.300000 
0.379837 2103.013436 0.022366 

165.000000 
(0.400000 
(0.800000 
(0.100000 
(0.500000 
0.408148 2210.147704 0.021406 

166.000000 
(0.400000 
(0.800000 
(0.300000 
(0.100000 
0.402402 1980.971862 0.009474 

167.000000 
(0.400000 
(0.800000 
(0.300000 
(0.300000 
0.379489 2263.043106 0.057154 

168.000000 
(0.400000 
(0.800000 
(0.300000 
(0.500000 
0.398688 1958.829876 0.050980 

169.000000 
(0.400000 
(0.800000 
(0.500000 
(0.100000 
0.389272 1990.167830 0.015309 

170.000000 
(0.400000 
(0.800000 
(0.500000 
(0.300000 
0.394310 1799.910165 0.037680 

171.000000 
(0.400000 
(0.800000 
(0.500000 
(0.500000 
0.396311 2018.222876 0.050157 

172.000000 
(0.400000 
(0.900000 
(0.100000 
(0.100000 
0.382047 2136.435421 0.038692 

173.000000 
(0.400000 
(0.900000 
(0.100000 
(0.300000 
0.404859 2233.596245 0.048315 

174.000000 
(0.400000 
(0.900000 
(0.100000 
(0.500000 
0.387998 2154.364353 0.062484 

175.000000 
(0.400000 
(0.900000 
(0.300000 
(0.100000 
0.387517 2062.020378 0.042509 

176.000000 
(0.400000 
(0.900000 
(0.300000 
(0.300000 
0.393468 2169.799519 0.068111 

177.000000 
(0.400000 
(0.900000 
(0.300000 
(0.500000 
0.379399 2308.109070 0.056462 

178.000000 
(0.400000 
(0.900000 
(0.500000 
(0.100000 
0.392199 1918.321818 0.052182 

179.000000 
(0.400000 
(0.900000 
(0.500000 
(0.300000 
0.390857 2149.708495 0.063103 

180.000000 
(0.400000 
(0.900000 
(0.500000 
(0.500000 
0.400300 2222.263923 0.096477 

181.000000 
(0.500000 
(0.500000 
(0.100000 
(0.100000 
0.341826 1939.924556 0.004165 

182.000000 
(0.500000 
(0.500000 
(0.100000 
(0.300000 
0.350495 2054.982765 0.010516 

183.000000 
(0.500000 
(0.500000 
(0.100000 
(0.500000 
0.363737 2164.292518 0.016673 

184.000000 
(0.500000 
(0.500000 
(0.300000 
(0.100000 
0.386619 2107.215117 0.011757 

185.000000 
(0.500000 
(0.500000 
(0.300000 
(0.300000 
0.357598 1816.571303 0.009844 

186.000000 
(0.500000 
(0.500000 
(0.300000 
(0.500000 
0.380097 2172.994169 0.010816 

187.000000 
(0.500000 
(0.500000 
(0.500000 
(0.100000 
0.378232 2341.384557 0.006656 

188.000000 
(0.500000 
(0.500000 
(0.500000 
(0.300000 
0.387595 2265.728059 0.010379 

189.000000 
(0.500000 
(0.500000 
(0.500000 
(0.500000 
0.359370 2141.726035 0.024341 

190.000000 
(0.500000 
(0.600000 
(0.100000 
(0.100000 
0.398187 2167.746126 0.017996 

191.000000 
(0.500000 
(0.600000 
(0.100000 
(0.300000 
0.403265 2087.323512 0.017377 

192.000000 
(0.500000 
(0.600000 
(0.100000 
(0.500000 
0.395769 2077.032327 0.015676 

193.000000 
(0.500000 
(0.600000 
(0.300000 
(0.100000 
0.392006 2221.814976 0.015007 

194.000000 
(0.500000 
(0.600000 
(0.300000 
(0.300000 
0.409808 2231.019763 0.018361 

195.000000 
(0.500000 
(0.600000 
(0.300000 
(0.500000 
0.381263 1842.390135 0.018009 

196.000000 
(0.500000 
(0.600000 
(0.500000 
(0.100000 
0.360404 2099.205466 0.010644 

197.000000 
(0.500000 
(0.600000 
(0.500000 
(0.300000 
0.360900 1751.946688 0.015272 

198.000000 
(0.500000 
(0.600000 
(0.500000 
(0.500000 
0.368867 1806.042136 -0.005114 

199.000000 
(0.500000 
(0.700000 
(0.100000 
(0.100000 
0.377222 1908.731632 0.027137 

200.000000 
(0.500000 
(0.700000 
(0.100000 
(0.300000 
0.393722 2179.239683 0.031464 

201.000000 
(0.500000 
(0.700000 
(0.100000 
(0.500000 
0.396178 2228.945806 0.020113 

202.000000 
(0.500000 
(0.700000 
(0.300000 
(0.100000 
0.409580 1975.490475 0.023311 

203.000000 
(0.500000 
(0.700000 
(0.300000 
(0.300000 
0.401785 2184.370315 0.023445 

204.000000 
(0.500000 
(0.700000 
(0.300000 
(0.500000 
0.397795 2300.823608 0.037131 

205.000000 
(0.500000 
(0.700000 
(0.500000 
(0.100000 
0.416293 2182.853453 0.018696 

206.000000 
(0.500000 
(0.700000 
(0.500000 
(0.300000 
0.407158 2287.265384 0.032885 

207.000000 
(0.500000 
(0.700000 
(0.500000 
(0.500000 
0.431016 2174.570144 0.033203 

208.000000 
(0.500000 
(0.800000 
(0.100000 
(0.100000 
0.383668 2285.542585 0.030402 

209.000000 
(0.500000 
(0.800000 
(0.100000 
(0.300000 
0.404562 2362.428840 -0.017394 

210.000000 
(0.500000 
(0.800000 
(0.100000 
(0.500000 
0.370331 2000.707718 0.021205 

211.000000 
(0.500000 
(0.800000 
(0.300000 
(0.100000 
0.397871 2359.390497 0.044344 

212.000000 
(0.500000 
(0.800000 
(0.300000 
(0.300000 
0.367533 1765.422869 0.052630 

213.000000 
(0.500000 
(0.800000 
(0.300000 
(0.500000 
0.374007 1757.086128 0.040025 

214.000000 
(0.500000 
(0.800000 
(0.500000 
(0.100000 
0.392318 2043.329052 0.022727 

215.000000 
(0.500000 
(0.800000 
(0.500000 
(0.300000 
0.384062 2308.573167 0.051491 

216.000000 
(0.500000 
(0.800000 
(0.500000 
(0.500000 
0.371206 2004.176341 0.054874 

217.000000 
(0.500000 
(0.900000 
(0.100000 
(0.100000 
0.365831 2266.276811 0.033329 

218.000000 
(0.500000 
(0.900000 
(0.100000 
(0.300000 
0.567664 1669.789062 0.081247 

219.000000 
(0.500000 
(0.900000 
(0.100000 
(0.500000 
0.382886 2196.449130 0.032248 

220.000000 
(0.500000 
(0.900000 
(0.300000 
(0.100000 
0.381522 1693.253954 0.084001 

221.000000 
(0.500000 
(0.900000 
(0.300000 
(0.300000 
0.405270 2189.869408 0.061290 

222.000000 
(0.500000 
(0.900000 
(0.300000 
(0.500000 
0.393301 1930.766785 0.084124 

223.000000 
(0.500000 
(0.900000 
(0.500000 
(0.100000 
0.400405 2103.414927 0.089866 

224.000000 
(0.500000 
(0.900000 
(0.500000 
(0.300000 
0.385546 1573.682061 0.040975 

225.000000 
(0.500000 
(0.900000 
(0.500000 
(0.500000 
0.373643 1936.696609 0.077917 

