1.000000 
(0.100000 
(0.500000 
(0.100000 
(0.100000 
0.311506 927.735160 0.020618 

2.000000 
(0.100000 
(0.500000 
(0.100000 
(0.300000 
0.283389 991.996708 0.005260 

3.000000 
(0.100000 
(0.500000 
(0.100000 
(0.500000 
0.306398 911.985181 0.023459 

4.000000 
(0.100000 
(0.500000 
(0.300000 
(0.100000 
0.311908 746.438885 -0.000080 

5.000000 
(0.100000 
(0.500000 
(0.300000 
(0.300000 
0.308174 734.324840 0.014297 

6.000000 
(0.100000 
(0.500000 
(0.300000 
(0.500000 
0.314956 724.073195 0.007257 

7.000000 
(0.100000 
(0.500000 
(0.500000 
(0.100000 
0.325044 792.683627 0.013000 

8.000000 
(0.100000 
(0.500000 
(0.500000 
(0.300000 
0.298278 753.711574 0.021053 

9.000000 
(0.100000 
(0.500000 
(0.500000 
(0.500000 
0.298817 717.897256 0.028138 

10.000000 
(0.100000 
(0.600000 
(0.100000 
(0.100000 
0.298201 736.023028 0.012577 

11.000000 
(0.100000 
(0.600000 
(0.100000 
(0.300000 
0.297997 753.593876 0.020776 

12.000000 
(0.100000 
(0.600000 
(0.100000 
(0.500000 
0.242935 779.206180 0.009600 

13.000000 
(0.100000 
(0.600000 
(0.300000 
(0.100000 
0.853247 757.765116 0.007652 

14.000000 
(0.100000 
(0.600000 
(0.300000 
(0.300000 
0.331446 896.950643 0.011685 

15.000000 
(0.100000 
(0.600000 
(0.300000 
(0.500000 
0.315757 762.434730 0.021475 

16.000000 
(0.100000 
(0.600000 
(0.500000 
(0.100000 
0.288188 964.473328 -0.004391 

17.000000 
(0.100000 
(0.600000 
(0.500000 
(0.300000 
0.316125 969.894207 0.010009 

18.000000 
(0.100000 
(0.600000 
(0.500000 
(0.500000 
0.320393 915.679098 0.002824 

19.000000 
(0.100000 
(0.700000 
(0.100000 
(0.100000 
0.294596 881.824299 0.016770 

20.000000 
(0.100000 
(0.700000 
(0.100000 
(0.300000 
0.338797 898.760603 0.022297 

21.000000 
(0.100000 
(0.700000 
(0.100000 
(0.500000 
0.281404 1021.579868 0.028589 

22.000000 
(0.100000 
(0.700000 
(0.300000 
(0.100000 
0.319184 824.861485 0.018511 

23.000000 
(0.100000 
(0.700000 
(0.300000 
(0.300000 
0.304987 734.608044 0.028231 

24.000000 
(0.100000 
(0.700000 
(0.300000 
(0.500000 
0.288725 736.001004 0.028224 

25.000000 
(0.100000 
(0.700000 
(0.500000 
(0.100000 
0.245011 719.499064 0.024541 

26.000000 
(0.100000 
(0.700000 
(0.500000 
(0.300000 
0.862196 774.480556 0.025369 

27.000000 
(0.100000 
(0.700000 
(0.500000 
(0.500000 
0.321522 837.903587 0.032612 

28.000000 
(0.100000 
(0.800000 
(0.100000 
(0.100000 
0.387893 893.594404 0.028099 

29.000000 
(0.100000 
(0.800000 
(0.100000 
(0.300000 
0.334606 853.978848 0.010186 

30.000000 
(0.100000 
(0.800000 
(0.100000 
(0.500000 
0.303814 846.917386 0.004532 

31.000000 
(0.100000 
(0.800000 
(0.300000 
(0.100000 
0.315469 832.848864 0.015698 

32.000000 
(0.100000 
(0.800000 
(0.300000 
(0.300000 
0.311440 921.499053 0.028798 

33.000000 
(0.100000 
(0.800000 
(0.300000 
(0.500000 
0.316129 909.329793 0.049485 

34.000000 
(0.100000 
(0.800000 
(0.500000 
(0.100000 
0.410241 953.303096 0.038214 

35.000000 
(0.100000 
(0.800000 
(0.500000 
(0.300000 
0.299226 835.370585 0.043803 

36.000000 
(0.100000 
(0.800000 
(0.500000 
(0.500000 
0.302690 849.559619 0.036669 

37.000000 
(0.100000 
(0.900000 
(0.100000 
(0.100000 
0.285985 879.131066 0.054075 

38.000000 
(0.100000 
(0.900000 
(0.100000 
(0.300000 
0.247619 714.241062 0.056794 

39.000000 
(0.100000 
(0.900000 
(0.100000 
(0.500000 
0.871583 787.967570 0.067203 

40.000000 
(0.100000 
(0.900000 
(0.300000 
(0.100000 
0.301728 865.974327 0.076459 

41.000000 
(0.100000 
(0.900000 
(0.300000 
(0.300000 
0.293223 915.558915 0.055882 

42.000000 
(0.100000 
(0.900000 
(0.300000 
(0.500000 
0.286569 918.049887 0.051938 

43.000000 
(0.100000 
(0.900000 
(0.500000 
(0.100000 
0.281510 887.379734 0.042636 

44.000000 
(0.100000 
(0.900000 
(0.500000 
(0.300000 
0.335251 862.010023 0.030010 

45.000000 
(0.100000 
(0.900000 
(0.500000 
(0.500000 
0.287697 901.106943 0.089433 

46.000000 
(0.200000 
(0.500000 
(0.100000 
(0.100000 
0.314772 895.334466 0.014103 

47.000000 
(0.200000 
(0.500000 
(0.100000 
(0.300000 
0.286150 935.672725 0.022609 

48.000000 
(0.200000 
(0.500000 
(0.100000 
(0.500000 
0.269910 840.973413 0.022654 

49.000000 
(0.200000 
(0.500000 
(0.300000 
(0.100000 
0.302729 845.068206 0.001096 

50.000000 
(0.200000 
(0.500000 
(0.300000 
(0.300000 
0.278596 870.983347 0.011956 

51.000000 
(0.200000 
(0.500000 
(0.300000 
(0.500000 
0.243466 840.300811 0.013985 

52.000000 
(0.200000 
(0.500000 
(0.500000 
(0.100000 
0.844697 760.159311 0.015013 

53.000000 
(0.200000 
(0.500000 
(0.500000 
(0.300000 
0.301697 862.726615 0.020058 

54.000000 
(0.200000 
(0.500000 
(0.500000 
(0.500000 
0.310703 989.198351 0.008875 

55.000000 
(0.200000 
(0.600000 
(0.100000 
(0.100000 
0.305452 1004.306847 0.010949 

56.000000 
(0.200000 
(0.600000 
(0.100000 
(0.300000 
0.295005 896.578247 0.010572 

57.000000 
(0.200000 
(0.600000 
(0.100000 
(0.500000 
0.294565 899.002420 0.002028 

58.000000 
(0.200000 
(0.600000 
(0.300000 
(0.100000 
0.286515 904.198118 0.020851 

59.000000 
(0.200000 
(0.600000 
(0.300000 
(0.300000 
0.300587 903.758949 0.017465 

60.000000 
(0.200000 
(0.600000 
(0.300000 
(0.500000 
0.301679 883.749531 0.017550 

61.000000 
(0.200000 
(0.600000 
(0.500000 
(0.100000 
0.298578 833.750548 0.015202 

62.000000 
(0.200000 
(0.600000 
(0.500000 
(0.300000 
0.293840 848.269123 0.009928 

63.000000 
(0.200000 
(0.600000 
(0.500000 
(0.500000 
0.285688 889.624387 0.013927 

64.000000 
(0.200000 
(0.700000 
(0.100000 
(0.100000 
0.255285 822.723682 0.012082 

65.000000 
(0.200000 
(0.700000 
(0.100000 
(0.300000 
0.871123 778.575986 0.017749 

66.000000 
(0.200000 
(0.700000 
(0.100000 
(0.500000 
0.278732 873.778075 0.007668 

67.000000 
(0.200000 
(0.700000 
(0.300000 
(0.100000 
0.358413 822.211756 0.020566 

68.000000 
(0.200000 
(0.700000 
(0.300000 
(0.300000 
0.291808 773.206192 0.029898 

69.000000 
(0.200000 
(0.700000 
(0.300000 
(0.500000 
0.314831 862.108527 0.014069 

70.000000 
(0.200000 
(0.700000 
(0.500000 
(0.100000 
0.280295 952.485843 0.028482 

71.000000 
(0.200000 
(0.700000 
(0.500000 
(0.300000 
0.275447 893.586569 0.033837 

72.000000 
(0.200000 
(0.700000 
(0.500000 
(0.500000 
0.310282 898.127708 0.023001 

73.000000 
(0.200000 
(0.800000 
(0.100000 
(0.100000 
0.346279 926.415940 0.009400 

74.000000 
(0.200000 
(0.800000 
(0.100000 
(0.300000 
0.305822 895.411908 0.018743 

75.000000 
(0.200000 
(0.800000 
(0.100000 
(0.500000 
0.256965 845.169043 -0.007041 

76.000000 
(0.200000 
(0.800000 
(0.300000 
(0.100000 
0.252950 826.904483 0.025392 

77.000000 
(0.200000 
(0.800000 
(0.300000 
(0.300000 
0.255065 784.676987 0.047227 

78.000000 
(0.200000 
(0.800000 
(0.300000 
(0.500000 
0.882749 785.563853 0.044227 

79.000000 
(0.200000 
(0.800000 
(0.500000 
(0.100000 
0.291463 930.436468 0.030405 

80.000000 
(0.200000 
(0.800000 
(0.500000 
(0.300000 
0.312508 959.756130 0.028616 

81.000000 
(0.200000 
(0.800000 
(0.500000 
(0.500000 
0.290944 1029.391661 0.022015 

82.000000 
(0.200000 
(0.900000 
(0.100000 
(0.100000 
0.390134 943.483351 0.038878 

83.000000 
(0.200000 
(0.900000 
(0.100000 
(0.300000 
0.309393 884.336452 0.018891 

84.000000 
(0.200000 
(0.900000 
(0.100000 
(0.500000 
0.311517 878.373641 -0.009015 

85.000000 
(0.200000 
(0.900000 
(0.300000 
(0.100000 
0.311716 873.692148 0.093716 

86.000000 
(0.200000 
(0.900000 
(0.300000 
(0.300000 
0.343982 931.217366 0.076929 

87.000000 
(0.200000 
(0.900000 
(0.300000 
(0.500000 
0.289374 827.527362 0.087744 

88.000000 
(0.200000 
(0.900000 
(0.500000 
(0.100000 
0.290182 860.933381 0.071037 

89.000000 
(0.200000 
(0.900000 
(0.500000 
(0.300000 
0.264687 854.820359 0.077167 

90.000000 
(0.200000 
(0.900000 
(0.500000 
(0.500000 
0.245107 828.380406 0.044257 

91.000000 
(0.300000 
(0.500000 
(0.100000 
(0.100000 
0.858615 776.288067 0.009962 

92.000000 
(0.300000 
(0.500000 
(0.100000 
(0.300000 
0.290038 783.169481 0.008769 

93.000000 
(0.300000 
(0.500000 
(0.100000 
(0.500000 
0.334140 777.499229 0.016044 

94.000000 
(0.300000 
(0.500000 
(0.300000 
(0.100000 
0.314885 905.774356 0.003934 

95.000000 
(0.300000 
(0.500000 
(0.300000 
(0.300000 
0.314384 893.780309 0.020075 

96.000000 
(0.300000 
(0.500000 
(0.300000 
(0.500000 
0.273717 854.782411 0.024887 

97.000000 
(0.300000 
(0.500000 
(0.500000 
(0.100000 
0.275364 738.245502 0.008722 

98.000000 
(0.300000 
(0.500000 
(0.500000 
(0.300000 
0.263885 863.001969 0.009278 

99.000000 
(0.300000 
(0.500000 
(0.500000 
(0.500000 
0.270846 730.155021 0.008949 

100.000000 
(0.300000 
(0.600000 
(0.100000 
(0.100000 
0.256581 723.085954 0.006434 

101.000000 
(0.300000 
(0.600000 
(0.100000 
(0.300000 
0.249332 708.856824 0.005250 

102.000000 
(0.300000 
(0.600000 
(0.100000 
(0.500000 
0.239701 716.859694 0.005270 

103.000000 
(0.300000 
(0.600000 
(0.300000 
(0.100000 
0.843366 786.420541 0.010785 

104.000000 
(0.300000 
(0.600000 
(0.300000 
(0.300000 
0.324171 1067.712983 0.014670 

105.000000 
(0.300000 
(0.600000 
(0.300000 
(0.500000 
0.314300 864.196515 0.014756 

106.000000 
(0.300000 
(0.600000 
(0.500000 
(0.100000 
0.329236 980.734314 0.019276 

107.000000 
(0.300000 
(0.600000 
(0.500000 
(0.300000 
0.313762 930.798926 0.010915 

108.000000 
(0.300000 
(0.600000 
(0.500000 
(0.500000 
0.313394 944.804142 0.009960 

109.000000 
(0.300000 
(0.700000 
(0.100000 
(0.100000 
0.265682 872.716952 0.030239 

110.000000 
(0.300000 
(0.700000 
(0.100000 
(0.300000 
0.259282 739.772175 0.026313 

111.000000 
(0.300000 
(0.700000 
(0.100000 
(0.500000 
0.256663 764.199011 0.022640 

112.000000 
(0.300000 
(0.700000 
(0.300000 
(0.100000 
0.294968 850.570345 0.012751 

113.000000 
(0.300000 
(0.700000 
(0.300000 
(0.300000 
0.236776 754.582783 0.020675 

114.000000 
(0.300000 
(0.700000 
(0.300000 
(0.500000 
0.855066 773.037207 0.017615 

115.000000 
(0.300000 
(0.700000 
(0.500000 
(0.100000 
0.302231 913.455169 0.021245 

116.000000 
(0.300000 
(0.700000 
(0.500000 
(0.300000 
0.337104 940.245238 0.021757 

117.000000 
(0.300000 
(0.700000 
(0.500000 
(0.500000 
0.331713 833.891254 0.026633 

118.000000 
(0.300000 
(0.800000 
(0.100000 
(0.100000 
0.332144 877.891224 0.003365 

119.000000 
(0.300000 
(0.800000 
(0.100000 
(0.300000 
0.293775 823.933207 0.004238 

120.000000 
(0.300000 
(0.800000 
(0.100000 
(0.500000 
0.339401 869.038695 0.036719 

121.000000 
(0.300000 
(0.800000 
(0.300000 
(0.100000 
0.257946 798.703167 0.024842 

122.000000 
(0.300000 
(0.800000 
(0.300000 
(0.300000 
0.263812 852.171881 0.045806 

123.000000 
(0.300000 
(0.800000 
(0.300000 
(0.500000 
0.238638 796.219011 0.051693 

124.000000 
(0.300000 
(0.800000 
(0.500000 
(0.100000 
0.880597 796.033436 0.003332 

125.000000 
(0.300000 
(0.800000 
(0.500000 
(0.300000 
0.315976 801.194363 0.034747 

126.000000 
(0.300000 
(0.800000 
(0.500000 
(0.500000 
0.257317 854.502610 0.033637 

127.000000 
(0.300000 
(0.900000 
(0.100000 
(0.100000 
0.271570 867.217485 0.073198 

128.000000 
(0.300000 
(0.900000 
(0.100000 
(0.300000 
0.267155 884.107447 0.042202 

129.000000 
(0.300000 
(0.900000 
(0.100000 
(0.500000 
0.256094 812.334404 0.044018 

130.000000 
(0.300000 
(0.900000 
(0.300000 
(0.100000 
0.302410 823.037418 0.081460 

131.000000 
(0.300000 
(0.900000 
(0.300000 
(0.300000 
0.294406 791.040731 0.077938 

132.000000 
(0.300000 
(0.900000 
(0.300000 
(0.500000 
0.244085 716.729378 0.076262 

133.000000 
(0.300000 
(0.900000 
(0.500000 
(0.100000 
0.874564 779.444275 0.053299 

134.000000 
(0.300000 
(0.900000 
(0.500000 
(0.300000 
0.333669 860.167644 0.079500 

135.000000 
(0.300000 
(0.900000 
(0.500000 
(0.500000 
0.317901 802.140117 0.026080 

136.000000 
(0.400000 
(0.500000 
(0.100000 
(0.100000 
0.302606 788.059343 0.007044 

137.000000 
(0.400000 
(0.500000 
(0.100000 
(0.300000 
0.298274 766.119581 0.018070 

138.000000 
(0.400000 
(0.500000 
(0.100000 
(0.500000 
0.299671 774.561896 0.012527 

139.000000 
(0.400000 
(0.500000 
(0.300000 
(0.100000 
0.258965 753.163480 0.005362 

140.000000 
(0.400000 
(0.500000 
(0.300000 
(0.300000 
0.258602 713.160609 -0.000333 

141.000000 
(0.400000 
(0.500000 
(0.300000 
(0.500000 
0.852266 781.779255 0.014162 

142.000000 
(0.400000 
(0.500000 
(0.500000 
(0.100000 
0.279186 899.130531 0.012723 

143.000000 
(0.400000 
(0.500000 
(0.500000 
(0.300000 
0.280868 937.627694 0.009923 

144.000000 
(0.400000 
(0.500000 
(0.500000 
(0.500000 
0.331857 891.411411 0.022556 

145.000000 
(0.400000 
(0.600000 
(0.100000 
(0.100000 
0.304868 906.693318 0.026389 

146.000000 
(0.400000 
(0.600000 
(0.100000 
(0.300000 
0.322686 878.329652 0.016605 

147.000000 
(0.400000 
(0.600000 
(0.100000 
(0.500000 
0.318883 853.225068 0.010879 

148.000000 
(0.400000 
(0.600000 
(0.300000 
(0.100000 
0.316788 882.697301 0.019840 

149.000000 
(0.400000 
(0.600000 
(0.300000 
(0.300000 
0.255976 838.431103 0.023717 

150.000000 
(0.400000 
(0.600000 
(0.300000 
(0.500000 
0.270919 838.365669 0.013689 

151.000000 
(0.400000 
(0.600000 
(0.500000 
(0.100000 
0.262139 831.187939 0.015240 

152.000000 
(0.400000 
(0.600000 
(0.500000 
(0.300000 
0.287910 844.289050 0.018823 

153.000000 
(0.400000 
(0.600000 
(0.500000 
(0.500000 
0.269434 875.054018 0.021768 

154.000000 
(0.400000 
(0.700000 
(0.100000 
(0.100000 
0.336273 850.259128 0.018083 

155.000000 
(0.400000 
(0.700000 
(0.100000 
(0.300000 
0.316503 890.578989 0.032199 

156.000000 
(0.400000 
(0.700000 
(0.100000 
(0.500000 
0.303873 926.780813 0.011397 

157.000000 
(0.400000 
(0.700000 
(0.300000 
(0.100000 
0.266910 898.769108 0.006705 

158.000000 
(0.400000 
(0.700000 
(0.300000 
(0.300000 
0.271851 923.222381 0.012304 

159.000000 
(0.400000 
(0.700000 
(0.300000 
(0.500000 
0.329404 814.979567 0.024475 

160.000000 
(0.400000 
(0.700000 
(0.500000 
(0.100000 
0.357892 932.453108 0.019908 

161.000000 
(0.400000 
(0.700000 
(0.500000 
(0.300000 
0.326831 820.845267 0.025505 

162.000000 
(0.400000 
(0.700000 
(0.500000 
(0.500000 
0.266345 746.742307 0.025164 

163.000000 
(0.400000 
(0.800000 
(0.100000 
(0.100000 
0.334717 978.222510 0.020969 

164.000000 
(0.400000 
(0.800000 
(0.100000 
(0.300000 
0.356606 957.863360 0.043948 

165.000000 
(0.400000 
(0.800000 
(0.100000 
(0.500000 
0.263526 825.628831 0.013026 

166.000000 
(0.400000 
(0.800000 
(0.300000 
(0.100000 
0.282406 854.915096 0.008572 

167.000000 
(0.400000 
(0.800000 
(0.300000 
(0.300000 
0.308425 874.867638 0.051540 

168.000000 
(0.400000 
(0.800000 
(0.300000 
(0.500000 
0.271974 836.986788 0.044705 

169.000000 
(0.400000 
(0.800000 
(0.500000 
(0.100000 
0.269180 758.074222 0.016497 

170.000000 
(0.400000 
(0.800000 
(0.500000 
(0.300000 
0.262892 741.434261 0.045780 

171.000000 
(0.400000 
(0.800000 
(0.500000 
(0.500000 
0.270219 751.281638 0.071724 

172.000000 
(0.400000 
(0.900000 
(0.100000 
(0.100000 
0.261089 732.402643 0.017893 

173.000000 
(0.400000 
(0.900000 
(0.100000 
(0.300000 
0.311513 729.611751 0.094033 

174.000000 
(0.400000 
(0.900000 
(0.100000 
(0.500000 
0.336197 757.068965 0.028703 

175.000000 
(0.400000 
(0.900000 
(0.300000 
(0.100000 
0.328739 746.075318 0.046614 

176.000000 
(0.400000 
(0.900000 
(0.300000 
(0.300000 
0.296625 731.097652 0.060039 

177.000000 
(0.400000 
(0.900000 
(0.300000 
(0.500000 
0.286702 756.817829 0.060323 

178.000000 
(0.400000 
(0.900000 
(0.500000 
(0.100000 
0.338516 865.445889 0.050962 

179.000000 
(0.400000 
(0.900000 
(0.500000 
(0.300000 
0.337077 951.750236 0.097073 

180.000000 
(0.400000 
(0.900000 
(0.500000 
(0.500000 
0.326023 930.812781 0.030265 

181.000000 
(0.500000 
(0.500000 
(0.100000 
(0.100000 
0.330751 948.094559 -0.000530 

182.000000 
(0.500000 
(0.500000 
(0.100000 
(0.300000 
0.328277 816.266166 0.000837 

183.000000 
(0.500000 
(0.500000 
(0.100000 
(0.500000 
0.292204 781.129297 0.000081 

184.000000 
(0.500000 
(0.500000 
(0.300000 
(0.100000 
0.296300 898.474534 0.011172 

185.000000 
(0.500000 
(0.500000 
(0.300000 
(0.300000 
0.307958 905.014340 0.013173 

186.000000 
(0.500000 
(0.500000 
(0.300000 
(0.500000 
0.270261 903.167832 0.006212 

187.000000 
(0.500000 
(0.500000 
(0.500000 
(0.100000 
0.286277 855.447352 0.001494 

188.000000 
(0.500000 
(0.500000 
(0.500000 
(0.300000 
0.288633 828.628660 0.014354 

189.000000 
(0.500000 
(0.500000 
(0.500000 
(0.500000 
0.320660 796.317141 -0.001127 

190.000000 
(0.500000 
(0.600000 
(0.100000 
(0.100000 
0.293486 853.128333 -0.001067 

191.000000 
(0.500000 
(0.600000 
(0.100000 
(0.300000 
0.296641 881.859051 0.016522 

192.000000 
(0.500000 
(0.600000 
(0.100000 
(0.500000 
0.282577 912.506494 0.018654 

193.000000 
(0.500000 
(0.600000 
(0.300000 
(0.100000 
0.263174 906.130119 0.011204 

194.000000 
(0.500000 
(0.600000 
(0.300000 
(0.300000 
0.318610 926.754097 -0.002250 

195.000000 
(0.500000 
(0.600000 
(0.300000 
(0.500000 
0.338302 1003.577089 0.008975 

196.000000 
(0.500000 
(0.600000 
(0.500000 
(0.100000 
0.275016 717.938911 0.016171 

197.000000 
(0.500000 
(0.600000 
(0.500000 
(0.300000 
0.286210 894.678226 0.009555 

198.000000 
(0.500000 
(0.600000 
(0.500000 
(0.500000 
0.299179 941.547141 0.010446 

199.000000 
(0.500000 
(0.700000 
(0.100000 
(0.100000 
0.276132 876.700824 0.024758 

200.000000 
(0.500000 
(0.700000 
(0.100000 
(0.300000 
0.278024 921.716873 0.031475 

201.000000 
(0.500000 
(0.700000 
(0.100000 
(0.500000 
0.275909 910.925341 0.009717 

202.000000 
(0.500000 
(0.700000 
(0.300000 
(0.100000 
0.267459 842.093541 0.008801 

203.000000 
(0.500000 
(0.700000 
(0.300000 
(0.300000 
0.233651 823.355317 0.026777 

204.000000 
(0.500000 
(0.700000 
(0.300000 
(0.500000 
0.313611 899.616942 -0.000862 

205.000000 
(0.500000 
(0.700000 
(0.500000 
(0.100000 
0.287536 873.406341 0.015598 

206.000000 
(0.500000 
(0.700000 
(0.500000 
(0.300000 
0.295607 940.630602 0.028264 

207.000000 
(0.500000 
(0.700000 
(0.500000 
(0.500000 
0.286518 899.023982 0.016594 

208.000000 
(0.500000 
(0.800000 
(0.100000 
(0.100000 
0.313459 903.870768 0.021910 

209.000000 
(0.500000 
(0.800000 
(0.100000 
(0.300000 
0.326061 866.783237 0.039464 

210.000000 
(0.500000 
(0.800000 
(0.100000 
(0.500000 
0.323639 752.799441 0.006920 

211.000000 
(0.500000 
(0.800000 
(0.300000 
(0.100000 
0.310279 769.611255 0.022070 

212.000000 
(0.500000 
(0.800000 
(0.300000 
(0.300000 
0.323395 916.397450 0.064644 

213.000000 
(0.500000 
(0.800000 
(0.300000 
(0.500000 
0.334930 745.773052 0.064925 

214.000000 
(0.500000 
(0.800000 
(0.500000 
(0.100000 
0.319863 847.783900 0.002932 

215.000000 
(0.500000 
(0.800000 
(0.500000 
(0.300000 
0.310876 843.035163 0.036647 

216.000000 
(0.500000 
(0.800000 
(0.500000 
(0.500000 
0.308356 811.642240 0.027101 

217.000000 
(0.500000 
(0.900000 
(0.100000 
(0.100000 
0.319213 735.290800 0.050683 

218.000000 
(0.500000 
(0.900000 
(0.100000 
(0.300000 
0.274587 842.866515 0.012212 

219.000000 
(0.500000 
(0.900000 
(0.100000 
(0.500000 
0.276862 891.052426 0.021166 

220.000000 
(0.500000 
(0.900000 
(0.300000 
(0.100000 
0.249235 752.838945 0.038504 

221.000000 
(0.500000 
(0.900000 
(0.300000 
(0.300000 
0.256704 749.402597 0.084905 

222.000000 
(0.500000 
(0.900000 
(0.300000 
(0.500000 
0.318833 814.968304 0.045449 

223.000000 
(0.500000 
(0.900000 
(0.500000 
(0.100000 
0.335096 956.503330 0.091557 

224.000000 
(0.500000 
(0.900000 
(0.500000 
(0.300000 
0.275877 776.630740 0.003679 

225.000000 
(0.500000 
(0.900000 
(0.500000 
(0.500000 
0.383962 886.250339 0.025907 

